# The first two lines (below the comment lines) indicate the name of the vocal fold model and the number of states.
# The following lines contain the control parameters of the vocal folds and the vocal tract (states)
# in steps of 110 audio samples (corresponding to about 2.5 ms for the sampling rate of 44100 Hz).
# For every step, there is one line with the vocal fold parameters followed by
# one line with the vocal tract parameters.
#
Geometric glottis
241
119.981 8000 0.0298 0.0599 0.024 1.22204 1 0.05 0 25 -40 
0.8463 -5.5515 -0.1 -3.283 0.2279 -0.5029 0 -0.1 1.9278 -0.9212 4.3892 -1.2396 3.3137 0.4978 -0.309 -1.428 0.3 0 0 
119.981 8000 0.0298 0.0599 0.024 1.22204 1 0.05 0 25 -40 
0.8463 -5.5515 -0.1 -3.283 0.2279 -0.5029 0 -0.1 1.9278 -0.9212 4.3892 -1.2396 3.3137 0.4978 -0.309 -1.428 0.3 0 0 
119.981 8000 0.0298 0.0599 0.024 1.22204 1 0.05 0 25 -40 
0.8463 -5.5515 -0.1 -3.283 0.2279 -0.5029 0 -0.1 1.9278 -0.9212 4.3892 -1.2396 3.3137 0.4978 -0.309 -1.428 0.3 0 0 
119.981 8000 0.0298 0.0599 0.024 1.22204 1 0.05 0 25 -40 
0.8463 -5.5515 -0.1 -3.283 0.2279 -0.5029 0 -0.1 1.9278 -0.9212 4.3892 -1.2396 3.3137 0.4978 -0.309 -1.428 0.3 0 0 
119.981 8000 0.0298 0.0599 0.024 1.22204 1 0.05 0 25 -40 
0.8463 -5.5515 -0.1 -3.283 0.2279 -0.5029 0 -0.1 1.9278 -0.9212 4.3892 -1.2396 3.3137 0.4978 -0.309 -1.428 0.3 0 0 
119.981 8000 0.0298 0.0599 0.024 1.22204 1 0.05 0 25 -40 
0.8463 -5.5515 -0.1 -3.283 0.2279 -0.5029 0 -0.1 1.9278 -0.9212 4.3892 -1.2396 3.3137 0.4978 -0.309 -1.428 0.3 0 0 
119.981 8000 0.0298 0.0599 0.024 1.22204 1 0.05 0 25 -40 
0.8463 -5.5515 -0.1 -3.283 0.2279 -0.5029 0 -0.1 1.9278 -0.9212 4.3892 -1.2396 3.3137 0.4978 -0.309 -1.428 0.3 0 0 
119.981 8000 0.0298 0.0599 0.024 1.22204 1 0.05 0 25 -40 
0.8463 -5.5515 -0.1 -3.283 0.2279 -0.5029 0 -0.1 1.9278 -0.9212 4.3892 -1.2396 3.3137 0.4978 -0.309 -1.428 0.3 0 0 
119.981 8000 0.0298 0.0599 0.024 1.22204 1 0.05 0 25 -40 
0.8463 -5.5515 -0.1 -3.283 0.2279 -0.5029 0 -0.1 1.9278 -0.9212 4.3892 -1.2396 3.3137 0.4978 -0.309 -1.428 0.3 0 0 
119.981 8000 0.0298 0.0599 0.024 1.22204 1 0.05 0 25 -40 
0.8463 -5.5515 -0.1 -3.283 0.2279 -0.5029 0 -0.1 1.9278 -0.9212 4.3892 -1.2396 3.3137 0.4978 -0.309 -1.428 0.3 0 0 
119.981 8000 0.0298 0.0599 0.024 1.22204 1 0.05 0 25 -40 
0.8463 -5.5515 -0.1 -3.283 0.2279 -0.5029 0 -0.1 1.9278 -0.9212 4.3892 -1.2396 3.3137 0.4978 -0.309 -1.428 0.3 0 0 
119.981 8000 0.0298 0.0599 0.024 1.22204 1 0.05 0 25 -40 
0.8463 -5.5515 -0.1 -3.283 0.2279 -0.5029 0 -0.1 1.9278 -0.9212 4.3892 -1.2396 3.3137 0.4978 -0.309 -1.428 0.3 0 0 
119.981 8000 0.0298 0.0599 0.024 1.22204 1 0.05 0 25 -40 
0.8463 -5.5515 -0.1 -3.283 0.2279 -0.5029 0 -0.1 1.9278 -0.9212 4.3892 -1.2396 3.3137 0.4978 -0.309 -1.428 0.3 0 0 
119.981 8000 0.0298 0.0599 0.024 1.22204 1 0.05 0 25 -40 
0.8463 -5.5515 -0.1 -3.283 0.2279 -0.5029 0 -0.1 1.9278 -0.9212 4.3892 -1.2396 3.3137 0.4978 -0.309 -1.428 0.3 0 0 
119.981 8000 0.0298 0.0599 0.024 1.22204 1 0.05 0 25 -40 
0.8463 -5.5515 -0.1 -3.283 0.2279 -0.5029 0 -0.1 1.9278 -0.9212 4.3892 -1.2396 3.3137 0.4978 -0.309 -1.428 0.3 0 0 
119.981 8000 0.0298 0.0599 0.024 1.22204 1 0.05 0 25 -40 
0.8463 -5.5515 -0.1 -3.283 0.2279 -0.5029 0 -0.1 1.9278 -0.9212 4.3892 -1.2396 3.3137 0.4978 -0.309 -1.428 0.3 0 0 
119.981 8000 0.0298 0.0599 0.024 1.22204 1 0.05 0 25 -40 
0.8463 -5.5515 -0.1 -3.283 0.2279 -0.5029 0 -0.1 1.9278 -0.9212 4.3892 -1.2396 3.3137 0.4978 -0.309 -1.428 0.3 0 0 
119.981 8000 0.0298 0.0599 0.024 1.22204 1 0.05 0 25 -40 
0.8463 -5.5515 -0.1 -3.283 0.2279 -0.5029 0 -0.1 1.9278 -0.9212 4.3892 -1.2396 3.3137 0.4978 -0.309 -1.428 0.3 0 0 
119.981 8000 0.0298 0.0599 0.024 1.22204 1 0.05 0 25 -40 
0.8463 -5.5515 -0.1 -3.283 0.2279 -0.5029 0 -0.1 1.9278 -0.9212 4.3892 -1.2396 3.3137 0.4978 -0.309 -1.428 0.3 0 0 
119.981 8000 0.0298 0.0599 0.024 1.22204 1 0.05 0 25 -40 
0.8463 -5.5515 -0.1 -3.283 0.2279 -0.5029 0 -0.1 1.9278 -0.9212 4.3892 -1.2396 3.3137 0.4978 -0.309 -1.428 0.3 0 0 
119.981 8000 0.0298 0.0599 0.024 1.22204 1 0.05 0 25 -40 
0.8463 -5.5515 -0.1 -3.283 0.2279 -0.5029 0 -0.1 1.9278 -0.9212 4.3892 -1.2396 3.3137 0.4978 -0.309 -1.428 0.3 0 0 
119.981 8000 0.0298 0.0599 0.024 1.22204 1 0.05 0 25 -40 
0.8463 -5.5515 -0.1 -3.283 0.2279 -0.5029 0 -0.1 1.9278 -0.9212 4.3892 -1.2396 3.3137 0.4978 -0.309 -1.428 0.3 0 0 
119.981 8000 0.0298 0.0599 0.024 1.22204 1 0.05 0 25 -40 
0.8463 -5.5515 -0.1 -3.283 0.2279 -0.5029 0 -0.1 1.9278 -0.9212 4.3892 -1.2396 3.3137 0.4978 -0.309 -1.428 0.3 0 0 
119.981 8000 0.0298 0.0599 0.024 1.22204 1 0.05 0 25 -40 
0.8463 -5.5515 -0.1 -3.283 0.2279 -0.5029 0 -0.1 1.9278 -0.9212 4.3892 -1.2396 3.3137 0.4978 -0.309 -1.428 0.3 0 0 
119.981 8000 0.0298 0.0599 0.024 1.22204 1 0.05 0 25 -40 
0.8463 -5.5515 -0.1 -3.283 0.2279 -0.5029 0 -0.1 1.9278 -0.9212 4.3892 -1.2396 3.3137 0.4978 -0.309 -1.428 0.3 0 0 
119.981 8000 0.0298 0.0599 0.024 1.22204 1 0.05 0 25 -40 
0.8463 -5.5515 -0.1 -3.283 0.2279 -0.5029 0 -0.1 1.9278 -0.9212 4.3892 -1.2396 3.3137 0.4978 -0.309 -1.428 0.3 0 0 
119.981 8000 0.0298 0.0599 0.024 1.22204 1 0.05 0 25 -40 
0.8463 -5.5515 -0.1 -3.283 0.2279 -0.5029 0 -0.1 1.9278 -0.9212 4.3892 -1.2396 3.3137 0.4978 -0.309 -1.428 0.3 0 0 
119.981 8000 0.0298 0.0599 0.024 1.22204 1 0.05 0 25 -40 
0.8463 -5.5515 -0.1 -3.283 0.2279 -0.5029 0 -0.1 1.9278 -0.9212 4.3892 -1.2396 3.3137 0.4978 -0.309 -1.428 0.3 0 0 
119.981 8000 0.0298 0.0599 0.024 1.22204 1 0.05 0 25 -40 
0.8463 -5.5515 -0.1 -3.283 0.2279 -0.5029 0 -0.1 1.9278 -0.9212 4.3892 -1.2396 3.3137 0.4978 -0.309 -1.428 0.3 0 0 
119.981 8000 0.0298 0.0599 0.024 1.22204 1 0.05 0 25 -40 
0.8463 -5.5515 -0.1 -3.283 0.2279 -0.5029 0 -0.1 1.9278 -0.9212 4.3892 -1.2396 3.3137 0.4978 -0.309 -1.428 0.3 0 0 
119.981 8000 0.0298 0.0599 0.024 1.22204 1 0.05 0 25 -40 
0.8463 -5.5515 -0.1 -3.283 0.2279 -0.5029 0 -0.1 1.9278 -0.9212 4.3892 -1.2396 3.3137 0.4978 -0.309 -1.428 0.3 0 0 
119.981 8000 0.0298 0.0599 0.024 1.22204 1 0.05 0 25 -40 
0.8463 -5.5515 -0.1 -3.283 0.2279 -0.5029 0 -0.1 1.9278 -0.9212 4.3892 -1.2396 3.3137 0.4978 -0.309 -1.428 0.3 0 0 
119.981 8000 0.0298 0.0599 0.024 1.22204 1 0.05 0 25 -40 
0.8463 -5.5515 -0.1 -3.283 0.2279 -0.5029 0 -0.1 1.9278 -0.9212 4.3892 -1.2396 3.3137 0.4978 -0.309 -1.428 0.3 0 0 
119.981 8000 0.0298 0.0599 0.024 1.22204 1 0.05 0 25 -40 
0.8463 -5.5515 -0.1 -3.283 0.2279 -0.5029 0 -0.1 1.9278 -0.9212 4.3892 -1.2396 3.3137 0.4978 -0.309 -1.428 0.3 0 0 
119.981 8000 0.0298 0.0599 0.024 1.22204 1 0.05 0 25 -40 
0.8463 -5.5515 -0.1 -3.283 0.2279 -0.5029 0 -0.1 1.9278 -0.9212 4.3892 -1.2396 3.3137 0.4978 -0.309 -1.428 0.3 0 0 
119.981 8000 0.0298 0.0599 0.024 1.22204 1 0.05 0 25 -40 
0.8463 -5.5515 -0.1 -3.283 0.2279 -0.5029 0 -0.1 1.9278 -0.9212 4.3892 -1.2396 3.3137 0.4978 -0.309 -1.428 0.3 0 0 
119.981 8000 0.0298 0.0599 0.024 1.22204 1 0.05 0 25 -40 
0.8463 -5.5515 -0.1 -3.283 0.2279 -0.5029 0 -0.1 1.9278 -0.9212 4.3892 -1.2396 3.3137 0.4978 -0.309 -1.428 0.3 0 0 
119.981 8000 0.0298 0.0599 0.024 1.22204 1 0.05 0 25 -40 
0.8463 -5.5515 -0.1 -3.283 0.2279 -0.5029 0 -0.1 1.9278 -0.9212 4.3892 -1.2396 3.3137 0.4978 -0.309 -1.428 0.3 0 0 
119.981 8000 0.0298 0.0599 0.024 1.22204 1 0.05 0 25 -40 
0.8463 -5.5515 -0.1 -3.283 0.2279 -0.5029 0 -0.1 1.9278 -0.9212 4.3892 -1.2396 3.3137 0.4978 -0.309 -1.428 0.3 0 0 
119.981 8000 0.0298 0.0599 0.024 1.22204 1 0.05 0 25 -40 
0.8463 -5.5515 -0.1 -3.283 0.2279 -0.5029 0 -0.1 1.9278 -0.9212 4.3892 -1.2396 3.3137 0.4978 -0.309 -1.428 0.3 0 0 
119.981 8000 0.0298 0.0599 0.024 1.22204 1 0.05 0 25 -40 
0.8463 -5.5515 -0.1 -3.283 0.2279 -0.5029 0 -0.1 1.9278 -0.9212 4.3892 -1.2396 3.3137 0.4978 -0.309 -1.428 0.3 0 0 
119.981 8000 0.0298 0.0599 0.024 1.22204 1 0.05 0 25 -40 
0.8463 -5.5515 -0.1 -3.283 0.2279 -0.5029 0 -0.1 1.9278 -0.9212 4.3892 -1.2396 3.3137 0.4978 -0.309 -1.428 0.3 0 0 
119.981 8000 0.0298 0.0599 0.024 1.22204 1 0.05 0 25 -40 
0.8463 -5.5515 -0.1 -3.283 0.2279 -0.5029 0 -0.1 1.9278 -0.9212 4.3892 -1.2396 3.3137 0.4978 -0.309 -1.428 0.3 0 0 
119.981 8000 0.0298 0.0599 0.024 1.22204 1 0.05 0 25 -40 
0.8463 -5.5515 -0.1 -3.283 0.2279 -0.5029 0 -0.1 1.9278 -0.9212 4.3892 -1.2396 3.3137 0.4978 -0.309 -1.428 0.3 0 0 
119.981 8000 0.0298 0.0599 0.024 1.22204 1 0.05 0 25 -40 
0.8463 -5.5515 -0.1 -3.283 0.2279 -0.5029 0 -0.1 1.9278 -0.9212 4.3892 -1.2396 3.3137 0.4978 -0.309 -1.428 0.3 0 0 
119.981 8000 0.0298 0.0599 0.024 1.22204 1 0.05 0 25 -40 
0.8463 -5.5515 -0.1 -3.283 0.2279 -0.5029 0 -0.1 1.9278 -0.9212 4.3892 -1.2396 3.3137 0.4978 -0.309 -1.428 0.3 0 0 
119.981 8000 0.0298 0.0599 0.024 1.22204 1 0.05 0 25 -40 
0.8463 -5.5515 -0.1 -3.283 0.2279 -0.5029 0 -0.1 1.9278 -0.9212 4.3892 -1.2396 3.3137 0.4978 -0.309 -1.428 0.3 0 0 
119.981 8000 0.0298 0.0599 0.024 1.22204 1 0.05 0 25 -40 
0.8463 -5.5515 -0.1 -3.283 0.2279 -0.5029 0 -0.1 1.9278 -0.9212 4.3892 -1.2396 3.3137 0.4978 -0.309 -1.428 0.3 0 0 
119.981 8000 0.0298 0.0599 0.024 1.22204 1 0.05 0 25 -40 
0.8463 -5.5515 -0.1 -3.283 0.2279 -0.5029 0 -0.1 1.9278 -0.9212 4.3892 -1.2396 3.3137 0.4978 -0.309 -1.428 0.3 0 0 
119.981 8000 0.0298 0.0599 0.024 1.22204 1 0.05 0 25 -40 
0.8463 -5.5515 -0.0999999 -3.283 0.227899 -0.502897 0 -0.1 1.9278 -0.9212 4.3892 -1.2396 3.3137 0.4978 -0.309001 -1.428 0.299999 1.17352e-08 -1.22242e-07 
119.981 8000 0.0298 0.0599 0.024 1.22204 1 0.05 0 25 -40 
0.846305 -5.55146 -0.0999984 -3.28291 0.227883 -0.502819 0 -0.1 1.92784 -0.921192 4.38922 -1.23958 3.31374 0.497808 -0.309015 -1.42797 0.29998 3.16787e-07 -3.29987e-06 
119.981 8000 0.0298 0.0599 0.024 1.22204 1 0.05 0 25 -40 
0.846333 -5.55123 -0.0999893 -3.28244 0.227793 -0.502375 0 -0.1 1.92807 -0.921151 4.38933 -1.23944 3.31395 0.497853 -0.309097 -1.42778 0.299872 2.05315e-06 -2.1387e-05 
119.981 8000 0.0298 0.0599 0.024 1.22204 1 0.05 0 25 -40 
0.846419 -5.55054 -0.0999615 -3.28099 0.227513 -0.501007 0 -0.1 1.92877 -0.921022 4.38967 -1.23902 3.3146 0.49799 -0.309349 -1.4272 0.299537 7.40018e-06 -7.70852e-05 
119.981 8000 0.0298 0.0599 0.024 1.22204 1 0.05 0 25 -40 
0.846609 -5.54899 -0.0998995 -3.27776 0.226892 -0.497963 0 -0.1 1.93032 -0.920735 4.39042 -1.2381 3.31606 0.498295 -0.309911 -1.42591 0.298794 1.92974e-05 -0.000201015 
119.981 8000 0.0298 0.0599 0.024 1.22204 1 0.05 0 25 -40 
0.846957 -5.54618 -0.0997865 -3.27188 0.225759 -0.492415 0 -0.1 1.93315 -0.920212 4.39179 -1.23641 3.31871 0.498852 -0.310934 -1.42355 0.297438 4.09842e-05 -0.000426919 
119.981 8000 0.0298 0.0599 0.024 1.22204 1 0.05 0 25 -40 
0.84751 -5.54169 -0.0996065 -3.2625 0.223952 -0.483572 0 -0.1 1.93766 -0.919379 4.39397 -1.23373 3.32293 0.499739 -0.312565 -1.4198 0.295278 7.55507e-05 -0.000786987 
119.981 8000 0.0298 0.0599 0.024 1.22204 1 0.05 0 25 -40 
0.848312 -5.5352 -0.0993459 -3.24893 0.221338 -0.47077 0 -0.1 1.9442 -0.918173 4.39712 -1.22984 3.32904 0.501023 -0.314926 -1.41437 0.292151 0.000125588 -0.0013082 
119.981 8000 0.0298 0.0599 0.024 1.22204 1 0.05 0 25 -40 
0.849391 -5.52645 -0.098995 -3.23065 0.217818 -0.453534 0 -0.1 1.95299 -0.916549 4.40137 -1.2246 3.33727 0.502753 -0.318105 -1.40706 0.28794 0.000192961 -0.00201001 
119.981 8000 0.0298 0.0599 0.024 1.22204 1 0.05 0 25 -40 
0.850765 -5.51532 -0.0985484 -3.20739 0.213338 -0.431597 0 -0.1 1.96419 -0.914482 4.40678 -1.21793 3.34774 0.504953 -0.322152 -1.39776 0.282581 0.000278707 -0.0029032 
119.981 8000 0.0298 0.0599 0.024 1.22204 1 0.05 0 25 -40 
0.852436 -5.50178 -0.0980051 -3.17909 0.207887 -0.40491 0 -0.1 1.97781 -0.911968 4.41336 -1.20982 3.36048 0.507631 -0.327074 -1.38644 0.276061 0.000383025 -0.00398984 
119.981 8000 0.0298 0.0599 0.024 1.22204 1 0.05 0 25 -40 
0.854396 -5.4859 -0.097368 -3.14591 0.201496 -0.373618 0 -0.1 1.99378 -0.909019 4.42108 -1.20031 3.37542 0.51077 -0.332846 -1.37317 0.268416 0.000505338 -0.00526394 
119.981 8000 0.0298 0.0599 0.024 1.22204 1 0.05 0 25 -40 
0.856624 -5.46785 -0.0966437 -3.10818 0.194229 -0.338038 0 -0.1 2.01194 -0.905667 4.42985 -1.1895 3.39241 0.51434 -0.339408 -1.35808 0.259724 0.000644412 -0.00671262 
119.981 8000 0.0298 0.0599 0.024 1.22204 1 0.05 0 25 -40 
0.859092 -5.44785 -0.0958412 -3.06638 0.186179 -0.298621 0 -0.1 2.03205 -0.901953 4.43957 -1.17752 3.41123 0.518294 -0.346678 -1.34136 0.250095 0.000798484 -0.00831754 
119.981 8000 0.0298 0.0599 0.024 1.22204 1 0.05 0 25 -40 
0.861767 -5.42618 -0.0949718 -3.02109 0.177457 -0.255915 0 -0.1 2.05385 -0.89793 4.4501 -1.16454 3.43162 0.522579 -0.354555 -1.32325 0.239662 0.000965412 -0.0100564 
119.981 8000 0.0298 0.0599 0.024 1.22204 1 0.05 0 25 -40 
0.864609 -5.40315 -0.0940479 -2.97296 0.168188 -0.21053 0 -0.1 2.07701 -0.893653 4.46129 -1.15075 3.45329 0.527132 -0.362926 -1.304 0.228574 0.00114281 -0.0119043 
119.981 8000 0.0298 0.0599 0.024 1.22204 1 0.05 0 25 -40 
0.867579 -5.37908 -0.0930824 -2.92267 0.158502 -0.163106 0 -0.1 2.10121 -0.889185 4.47299 -1.13633 3.47593 0.53189 -0.371674 -1.28389 0.216988 0.00132819 -0.0138353 
119.981 8000 0.0298 0.0599 0.024 1.22204 1 0.05 0 25 -40 
0.870636 -5.35431 -0.0920884 -2.8709 0.148531 -0.114281 0 -0.1 2.12613 -0.884585 4.48503 -1.1215 3.49924 0.536788 -0.380679 -1.26319 0.205061 0.00151903 -0.0158232 
119.981 8000 0.0298 0.0599 0.024 1.22204 1 0.05 0 25 -40 
0.873742 -5.32914 -0.0910785 -2.8183 0.1384 -0.0646765 0 -0.1 2.15144 -0.879911 4.49726 -1.10642 3.52293 0.541765 -0.389829 -1.24215 0.192942 0.00171293 -0.017843 
119.981 8000 0.0298 0.0599 0.024 1.22204 1 0.05 0 25 -40 
0.876861 -5.30387 -0.0900646 -2.76548 0.128228 -0.0148718 0 -0.1 2.17686 -0.875219 4.50954 -1.09128 3.54671 0.546762 -0.399015 -1.22103 0.180775 0.0019076 -0.0198709 
119.981 8000 0.0298 0.0599 0.024 1.22204 1 0.05 0 25 -40 
0.87996 -5.27876 -0.0890573 -2.71302 0.118123 0.0346045 0 -0.1 2.20211 -0.870557 4.52174 -1.07625 3.57033 0.551726 -0.408141 -1.20004 0.168688 0.00210099 -0.0218854 
119.981 8000 0.0298 0.0599 0.024 1.22204 1 0.05 0 25 -40 
0.883008 -5.25406 -0.0880663 -2.6614 0.108181 0.0832837 0 -0.1 2.22695 -0.865971 4.53374 -1.06145 3.59357 0.556609 -0.417119 -1.1794 0.156796 0.00229127 -0.0238674 
119.981 8000 0.0298 0.0599 0.024 1.22204 1 0.05 0 25 -40 
0.885981 -5.22997 -0.0870997 -2.61105 0.0984844 0.130762 0 -0.1 2.25118 -0.861498 4.54545 -1.04702 3.61624 0.561373 -0.425876 -1.15926 0.145197 0.00247685 -0.0258006 
119.981 8000 0.0298 0.0599 0.024 1.22204 1 0.05 0 25 -40 
0.888858 -5.20666 -0.0861645 -2.56234 0.0891024 0.176699 0 -0.1 2.27463 -0.857169 4.55678 -1.03306 3.63817 0.565981 -0.43435 -1.13978 0.133974 0.00265641 -0.027671 
119.981 8000 0.0298 0.0599 0.024 1.22204 1 0.05 0 25 -40 
0.891621 -5.18428 -0.0852662 -2.51555 0.0800908 0.220823 0 -0.1 2.29715 -0.853012 4.56766 -1.01965 3.65924 0.570408 -0.442488 -1.12107 0.123195 0.00282888 -0.0294675 
119.981 8000 0.0298 0.0599 0.024 1.22204 1 0.05 0 25 -40 
0.894257 -5.16291 -0.0844092 -2.47091 0.0714931 0.26292 0 -0.1 2.31863 -0.849046 4.57804 -1.00686 3.67934 0.574631 -0.450253 -1.10321 0.11291 0.00299343 -0.0311816 
119.981 8000 0.0298 0.0599 0.024 1.22204 1 0.05 0 25 -40 
0.896757 -5.14266 -0.0835966 -2.42858 0.0633411 0.302835 0 -0.1 2.339 -0.845285 4.58788 -0.99473 3.69839 0.578636 -0.457615 -1.08628 0.103159 0.00314945 -0.0328068 
119.981 8000 0.0298 0.0599 0.024 1.22204 1 0.05 0 25 -40 
0.899113 -5.12357 -0.0828305 -2.38868 0.0556561 0.340464 0 -0.1 2.3582 -0.84174 4.59716 -0.983294 3.71636 0.582411 -0.464555 -1.07033 0.0939666 0.00329653 -0.0343389 
119.981 8000 0.0298 0.0599 0.024 1.22204 1 0.05 0 25 -40 
0.901323 -5.10566 -0.0821122 -2.35126 0.0484497 0.375748 0 -0.1 2.37621 -0.838415 4.60586 -0.972571 3.7332 0.585951 -0.471063 -1.05536 0.0853465 0.00343446 -0.0357756 
119.981 8000 0.0298 0.0599 0.024 1.22204 1 0.05 0 25 -40 
0.903385 -5.08896 -0.081442 -2.31635 0.0417257 0.408671 0 -0.1 2.39301 -0.835313 4.61398 -0.962565 3.74892 0.589254 -0.477136 -1.0414 0.0773035 0.00356314 -0.0371161 
119.981 8000 0.0298 0.0599 0.024 1.22204 1 0.05 0 25 -40 
0.905299 -5.07344 -0.0808195 -2.28392 0.0354808 0.439248 0 -0.1 2.40862 -0.832432 4.62151 -0.953273 3.76352 0.592322 -0.482776 -1.02843 0.0698335 0.00368266 -0.0383611 
119.981 8000 0.0298 0.0599 0.024 1.22204 1 0.05 0 25 -40 
0.90707 -5.0591 -0.0802438 -2.25394 0.029706 0.467524 0 -0.1 2.42305 -0.829768 4.62849 -0.94468 3.77702 0.595158 -0.487991 -1.01644 0.0629258 0.00379319 -0.0395124 
119.981 8000 0.0298 0.0599 0.024 1.22204 1 0.05 0 25 -40 
0.908701 -5.04588 -0.0797137 -2.22633 0.0243875 0.493565 0 -0.1 2.43634 -0.827315 4.63491 -0.936766 3.78946 0.597771 -0.492794 -1.0054 0.0565639 0.00389498 -0.0405727 
119.981 8000 0.0298 0.0599 0.024 1.22204 1 0.05 0 25 -40 
0.910197 -5.03376 -0.0792273 -2.20099 0.0195079 0.517457 0 -0.1 2.44853 -0.825064 4.6408 -0.929505 3.80086 0.600168 -0.497201 -0.995262 0.0507271 0.00398837 -0.0415455 
119.981 8000 0.0298 0.0599 0.024 1.22204 1 0.05 0 25 -40 
0.911565 -5.02268 -0.0787826 -2.17783 0.0150471 0.539299 0 -0.1 2.45968 -0.823006 4.64619 -0.922867 3.81129 0.602359 -0.50123 -0.985999 0.0453912 0.00407374 -0.0424348 
119.981 8000 0.0298 0.0599 0.024 1.22204 1 0.05 0 25 -40 
0.912811 -5.01258 -0.0783775 -2.15673 0.0109828 0.559198 0 -0.1 2.46983 -0.821131 4.65109 -0.916819 3.82079 0.604356 -0.5049 -0.97756 0.0405297 0.00415152 -0.043245 
119.981 8000 0.0298 0.0599 0.024 1.22204 1 0.05 0 25 -40 
0.913943 -5.00341 -0.0780095 -2.13756 0.00729179 0.577271 0 -0.1 2.47906 -0.819428 4.65555 -0.911327 3.82942 0.606169 -0.508233 -0.969895 0.0361146 0.00422217 -0.0439809 
119.981 8000 0.0298 0.0599 0.024 1.22204 1 0.05 0 25 -40 
0.914967 -4.99511 -0.0776764 -2.12021 0.00394975 0.593635 0 -0.1 2.48741 -0.817886 4.65958 -0.906353 3.83723 0.607811 -0.511252 -0.962955 0.0321169 0.00428613 -0.0446472 
119.981 8000 0.0298 0.0599 0.024 1.22204 1 0.05 0 25 -40 
0.915893 -4.98761 -0.0773756 -2.10454 0.000932385 0.608409 0 -0.1 2.49495 -0.816494 4.66323 -0.901864 3.84429 0.609293 -0.513977 -0.956689 0.0285076 0.00434388 -0.0452487 
119.981 8000 0.0298 0.0599 0.024 1.22204 1 0.05 0 25 -40 
0.916726 -4.98086 -0.0771048 -2.09044 -0.00178446 0.621711 0 -0.1 2.50174 -0.815241 4.66651 -0.897821 3.85064 0.610627 -0.51643 -0.951048 0.0252578 0.00439587 -0.0457904 
119.981 8000 0.0298 0.0599 0.024 1.22204 1 0.05 0 25 -40 
0.917474 -4.9748 -0.0768616 -2.07777 -0.00422441 0.633658 0 -0.1 2.50783 -0.814115 4.66945 -0.89419 3.85634 0.611826 -0.518634 -0.945981 0.0223392 0.00444257 -0.0462768 
119.981 8000 0.0298 0.0599 0.024 1.22204 1 0.05 0 25 -40 
0.918144 -4.96937 -0.0766437 -2.06642 -0.00641031 0.644361 0 -0.1 2.5133 -0.813107 4.67209 -0.890937 3.86145 0.6129 -0.520608 -0.941442 0.0197245 0.00448441 -0.0467126 
119.981 8000 0.0298 0.0599 0.024 1.22204 1 0.05 0 25 -40 
0.918743 -4.96451 -0.076449 -2.05627 -0.00836405 0.653927 0 -0.1 2.51818 -0.812206 4.67445 -0.88803 3.86602 0.61386 -0.522372 -0.937385 0.0173875 0.0045218 -0.0471021 
119.981 8000 0.0298 0.0599 0.024 1.22204 1 0.05 0 25 -40 
0.919277 -4.96019 -0.0762753 -2.04723 -0.0101064 0.662458 0 -0.1 2.52253 -0.811402 4.67655 -0.885437 3.87009 0.614715 -0.523946 -0.933767 0.0153034 0.00455515 -0.0474494 
119.981 8000 0.0298 0.0599 0.024 1.22204 1 0.05 0 25 -40 
0.919753 -4.95633 -0.0761207 -2.03918 -0.0116569 0.67005 0 -0.1 2.52641 -0.810687 4.67843 -0.88313 3.87372 0.615477 -0.525346 -0.930547 0.0134487 0.00458482 -0.0477586 
119.981 8000 0.0298 0.0599 0.024 1.22204 1 0.05 0 25 -40 
0.920175 -4.95291 -0.0759835 -2.03203 -0.0130339 0.676792 0 -0.1 2.52985 -0.810051 4.68009 -0.881081 3.87694 0.616154 -0.52659 -0.927687 0.0118015 0.00461118 -0.0480331 
119.981 8000 0.0298 0.0599 0.024 1.22204 1 0.05 0 25 -40 
0.920549 -4.94988 -0.0758618 -2.02569 -0.0142545 0.682769 0 -0.1 2.5329 -0.809488 4.68156 -0.879265 3.87979 0.616753 -0.527692 -0.925153 0.0103416 0.00463454 -0.0482764 
119.981 8000 0.0298 0.0599 0.024 1.22204 1 0.05 0 25 -40 
0.92088 -4.9472 -0.0757542 -2.02008 -0.0153343 0.688056 0 -0.1 2.53559 -0.80899 4.68287 -0.877658 3.88231 0.617284 -0.528667 -0.922911 0.00904987 0.0046552 -0.0484917 
119.981 8000 0.0298 0.0599 0.024 1.22204 1 0.05 0 25 -40 
0.921173 -4.94483 -0.0756591 -2.01513 -0.016288 0.692725 0 -0.1 2.53798 -0.80855 4.68402 -0.876239 3.88454 0.617752 -0.529529 -0.92093 0.00790912 0.00467345 -0.0486818 
119.981 8000 0.0298 0.0599 0.024 1.22204 1 0.05 0 25 -40 
0.92143 -4.94274 -0.0755753 -2.01077 -0.0171288 0.696842 0 -0.1 2.54008 -0.808162 4.68503 -0.874988 3.88651 0.618165 -0.530288 -0.919184 0.00690339 0.00468955 -0.0488494 
119.981 8000 0.0298 0.0599 0.024 1.22204 1 0.05 0 25 -40 
0.921657 -4.9409 -0.0755015 -2.00692 -0.0178688 0.700466 0 -0.1 2.54193 -0.807821 4.68593 -0.873887 3.88824 0.618529 -0.530956 -0.917647 0.00601814 0.00470371 -0.048997 
119.981 8000 0.0298 0.0599 0.024 1.22204 1 0.05 0 25 -40 
0.921857 -4.93928 -0.0754367 -2.00355 -0.0185192 0.70365 0 -0.1 2.54355 -0.807521 4.68671 -0.872919 3.88976 0.618848 -0.531544 -0.916297 0.00524019 0.00471616 -0.0491266 
119.981 8000 0.0298 0.0599 0.024 1.22204 1 0.05 0 25 -40 
0.922032 -4.93787 -0.0753798 -2.00058 -0.0190899 0.706444 0 -0.1 2.54498 -0.807258 4.6874 -0.87207 3.89109 0.619128 -0.532059 -0.915112 0.00455755 0.00472708 -0.0492404 
119.981 8000 0.0298 0.0599 0.024 1.22204 1 0.05 0 25 -40 
0.922185 -4.93662 -0.07533 -1.99799 -0.0195899 0.708893 0 -0.1 2.54623 -0.807027 4.688 -0.871326 3.89226 0.619374 -0.532511 -0.914074 0.00395942 0.00473665 -0.0493401 
119.981 8000 0.0298 0.0599 0.024 1.22204 1 0.05 0 25 -40 
0.922319 -4.93554 -0.0752863 -1.99571 -0.0200274 0.711035 0 -0.1 2.54732 -0.806825 4.68853 -0.870674 3.89328 0.619589 -0.532906 -0.913165 0.00343608 0.00474502 -0.0494273 
119.981 8000 0.0298 0.0599 0.024 1.22204 1 0.05 0 25 -40 
0.922436 -4.93459 -0.0752482 -1.99373 -0.0204097 0.712907 0 -0.1 2.54828 -0.806649 4.68899 -0.870106 3.89418 0.619777 -0.533251 -0.912371 0.00297879 0.00475234 -0.0495035 
119.981 8000 0.0298 0.0599 0.024 1.22204 1 0.05 0 25 -40 
0.922539 -4.93376 -0.075215 -1.992 -0.0207433 0.71454 0 -0.1 2.54911 -0.806495 4.6894 -0.869609 3.89496 0.619941 -0.533552 -0.911678 0.00257974 0.00475872 -0.04957 
119.981 8000 0.0298 0.0599 0.024 1.22204 1 0.05 0 25 -40 
0.922628 -4.93304 -0.075186 -1.99049 -0.0210341 0.715964 0 -0.1 2.54984 -0.806361 4.68975 -0.869177 3.89564 0.620083 -0.533815 -0.911075 0.00223195 0.00476429 -0.049628 
119.981 8000 0.0298 0.0599 0.024 1.22204 1 0.05 0 25 -40 
0.922705 -4.93241 -0.0751608 -1.98917 -0.0212872 0.717203 0 -0.1 2.55047 -0.806244 4.69005 -0.8688 3.89623 0.620208 -0.534043 -0.910549 0.0019292 0.00476913 -0.0496785 
119.981 8000 0.0298 0.0599 0.024 1.22204 1 0.05 0 25 -40 
0.922773 -4.93186 -0.0751388 -1.98803 -0.0215072 0.718281 0 -0.1 2.55102 -0.806143 4.69032 -0.868472 3.89674 0.620316 -0.534242 -0.910092 0.00166598 0.00477334 -0.0497223 
119.981 8000 0.0298 0.0599 0.024 1.22204 1 0.05 0 25 -40 
0.922832 -4.93139 -0.0751198 -1.98704 -0.0216984 0.719216 0 -0.1 2.5515 -0.806054 4.69055 -0.868188 3.89719 0.62041 -0.534415 -0.909695 0.00143737 0.004777 -0.0497604 
119.981 8000 0.0298 0.0599 0.024 1.22204 1 0.05 0 25 -40 
0.922882 -4.93097 -0.0751033 -1.98618 -0.0218642 0.720028 0 -0.1 2.55191 -0.805978 4.69075 -0.867941 3.89758 0.620491 -0.534565 -0.909351 0.00123904 0.00478018 -0.0497935 
119.981 8000 0.0298 0.0599 0.024 1.22204 1 0.05 0 25 -40 
0.922926 -4.93062 -0.0750889 -1.98543 -0.0220078 0.720732 0 -0.1 2.55227 -0.805912 4.69092 -0.867728 3.89791 0.620562 -0.534694 -0.909053 0.00106718 0.00478293 -0.0498221 
119.981 8000 0.0298 0.0599 0.024 1.22204 1 0.05 0 25 -40 
0.922965 -4.93031 -0.0750765 -1.98479 -0.0221322 0.721341 0 -0.1 2.55258 -0.805854 4.69107 -0.867542 3.89821 0.620623 -0.534807 -0.908794 0.000918387 0.00478531 -0.0498469 
119.981 8000 0.0298 0.0599 0.024 1.22204 1 0.05 0 25 -40 
0.922998 -4.93004 -0.0750658 -1.98423 -0.0222398 0.721867 0 -0.1 2.55285 -0.805805 4.6912 -0.867382 3.89846 0.620676 -0.534904 -0.908571 0.000789707 0.00478736 -0.0498684 
119.981 8000 0.0298 0.0599 0.024 1.22204 1 0.05 0 25 -40 
0.923026 -4.92981 -0.0750565 -1.98375 -0.0223328 0.722323 0 -0.1 2.55308 -0.805762 4.69132 -0.867244 3.89867 0.620721 -0.534988 -0.908378 0.000678525 0.00478914 -0.0498869 
119.981 8000 0.0298 0.0599 0.024 1.22204 1 0.05 0 25 -40 
0.923051 -4.92961 -0.0750485 -1.98333 -0.022413 0.722715 0 -0.1 2.55328 -0.805725 4.69141 -0.867125 3.89886 0.620761 -0.53506 -0.908211 0.000582552 0.00479068 -0.0499029 
119.981 8000 0.0298 0.0599 0.024 1.22204 1 0.05 0 25 -40 
0.923072 -4.92944 -0.0750416 -1.98297 -0.0224822 0.723054 0 -0.1 2.55346 -0.805693 4.6915 -0.867022 3.89902 0.620795 -0.535123 -0.908068 0.000499783 0.004792 -0.0499167 
119.981 8000 0.0298 0.0599 0.024 1.22204 1 0.05 0 25 -40 
0.92309 -4.92929 -0.0750357 -1.98266 -0.0225418 0.723346 0 -0.1 2.5536 -0.805665 4.69157 -0.866933 3.89916 0.620824 -0.535177 -0.907944 0.000428464 0.00479314 -0.0499286 
119.981 8000 0.0298 0.0599 0.024 1.22204 1 0.05 0 25 -40 
0.923106 -4.92916 -0.0750306 -1.98239 -0.0225931 0.723597 0 -0.1 2.55373 -0.805642 4.69163 -0.866857 3.89928 0.620849 -0.535223 -0.907837 0.000367063 0.00479413 -0.0499388 
119.981 8000 0.0298 0.0599 0.024 1.22204 1 0.05 0 25 -40 
0.923119 -4.92905 -0.0750262 -1.98216 -0.0226373 0.723814 0 -0.1 2.55384 -0.805621 4.69168 -0.866791 3.89939 0.620871 -0.535263 -0.907746 0.000314245 0.00479497 -0.0499476 
119.981 8000 0.0298 0.0599 0.024 1.22204 1 0.05 0 25 -40 
0.923131 -4.92896 -0.0750224 -1.98197 -0.0226752 0.724 0 -0.1 2.55394 -0.805604 4.69173 -0.866734 3.89947 0.62089 -0.535297 -0.907667 0.000268847 0.0047957 -0.0499552 
119.981 8000 0.0298 0.0599 0.024 1.22204 1 0.05 0 25 -40 
0.923141 -4.92888 -0.0750192 -1.9818 -0.0227078 0.724159 0 -0.1 2.55402 -0.805589 4.69177 -0.866686 3.89955 0.620906 -0.535326 -0.907599 0.000229858 0.00479632 -0.0499617 
119.981 8000 0.0298 0.0599 0.024 1.22204 1 0.05 0 25 -40 
0.92315 -4.92881 -0.0750164 -1.98165 -0.0227358 0.724296 0 -0.1 2.55409 -0.805576 4.6918 -0.866644 3.89962 0.620919 -0.535352 -0.907541 0.000196398 0.00479686 -0.0499673 
119.981 8000 0.0298 0.0599 0.024 1.22204 1 0.05 0 25 -40 
0.923157 -4.92875 -0.075014 -1.98153 -0.0227598 0.724414 0 -0.1 2.55415 -0.805565 4.69183 -0.866609 3.89967 0.620931 -0.535373 -0.907491 0.000167704 0.00479732 -0.049972 
119.981 8000 0.0298 0.0599 0.024 1.22204 1 0.05 0 25 -40 
0.923163 -4.9287 -0.0750119 -1.98142 -0.0227804 0.724514 0 -0.1 2.5542 -0.805555 4.69186 -0.866578 3.89972 0.620941 -0.535392 -0.907448 0.000143116 0.00479771 -0.0499761 
119.981 8000 0.0298 0.0599 0.024 1.22204 1 0.05 0 25 -40 
0.923169 -4.92865 -0.0750102 -1.98133 -0.022798 0.7246 0 -0.1 2.55425 -0.805547 4.69188 -0.866552 3.89976 0.62095 -0.535408 -0.907412 0.00012206 0.00479805 -0.0499797 
119.981 8000 0.0298 0.0599 0.024 1.22204 1 0.05 0 25 -40 
0.923173 -4.92862 -0.0750087 -1.98125 -0.022813 0.724674 0 -0.1 2.55428 -0.80554 4.69189 -0.866529 3.8998 0.620957 -0.535421 -0.907381 0.000104042 0.00479834 -0.0499827 
119.981 8000 0.0298 0.0599 0.024 1.22204 1 0.05 0 25 -40 
0.923177 -4.92858 -0.0750074 -1.98118 -0.0228259 0.724737 0 -0.1 2.55431 -0.805534 4.69191 -0.86651 3.89983 0.620964 -0.535433 -0.907354 8.86337e-05 0.00479858 -0.0499852 
119.981 8000 0.0298 0.0599 0.024 1.22204 1 0.05 0 25 -40 
0.923181 -4.92856 -0.0750063 -1.98113 -0.0228369 0.724791 0 -0.1 2.55434 -0.805529 4.69192 -0.866494 3.89985 0.620969 -0.535443 -0.907331 7.54655e-05 0.00479879 -0.0499874 
119.981 8000 0.0298 0.0599 0.024 1.22204 1 0.05 0 25 -40 
0.923184 -4.92853 -0.0750054 -1.98108 -0.0228463 0.724837 0 -0.1 2.55437 -0.805525 4.69194 -0.86648 3.89987 0.620974 -0.535452 -0.907311 6.42191e-05 0.00479897 -0.0499893 
119.981 8000 0.0298 0.0599 0.024 1.22204 1 0.05 0 25 -40 
0.923186 -4.92851 -0.0750046 -1.98104 -0.0228543 0.724876 0 -0.1 2.55439 -0.805521 4.69194 -0.866468 3.89989 0.620978 -0.535459 -0.907295 5.46199e-05 0.00479913 -0.0499909 
119.981 8000 0.0298 0.0599 0.024 1.22204 1 0.05 0 25 -40 
0.923188 -4.9285 -0.0750039 -1.981 -0.0228612 0.72491 0 -0.1 2.5544 -0.805518 4.69195 -0.866458 3.89991 0.620981 -0.535465 -0.907281 4.64315e-05 0.00479926 -0.0499923 
119.981 8000 0.0298 0.0599 0.024 1.22204 1 0.05 0 25 -40 
0.92319 -4.92848 -0.0750033 -1.98097 -0.022867 0.724939 0 -0.1 2.55442 -0.805515 4.69196 -0.866449 3.89992 0.620984 -0.53547 -0.907268 3.94508e-05 0.00479937 -0.0499934 
119.981 8000 0.0298 0.0599 0.024 1.22204 1 0.05 0 25 -40 
0.923191 -4.92847 -0.0750028 -1.98095 -0.022872 0.724963 0 -0.1 2.55443 -0.805513 4.69197 -0.866442 3.89993 0.620986 -0.535475 -0.907258 3.35031e-05 0.00479946 -0.0499944 
119.981 8000 0.0298 0.0599 0.024 1.22204 1 0.05 0 25 -40 
0.923193 -4.92846 -0.0750024 -1.98092 -0.0228762 0.724984 0 -0.1 2.55444 -0.805511 4.69197 -0.866435 3.89994 0.620988 -0.535479 -0.907249 2.84383e-05 0.00479954 -0.0499953 
119.981 8000 0.0298 0.0599 0.024 1.22204 1 0.05 0 25 -40 
0.923194 -4.92845 -0.075002 -1.9809 -0.0228798 0.725001 0 -0.1 2.55445 -0.805509 4.69198 -0.86643 3.89995 0.62099 -0.535482 -0.907242 2.41278e-05 0.00479961 -0.049996 
119.981 8000 0.0298 0.0599 0.024 1.22204 1 0.05 0 25 -40 
0.923195 -4.92844 -0.0750017 -1.98089 -0.0228829 0.725016 0 -0.1 2.55446 -0.805508 4.69198 -0.866425 3.89996 0.620992 -0.535485 -0.907236 2.04612e-05 0.00479967 -0.0499966 
119.981 8000 0.0298 0.0599 0.024 1.22204 1 0.05 0 25 -40 
0.923196 -4.92844 -0.0750014 -1.98088 -0.0228855 0.725029 0 -0.1 2.55446 -0.805507 4.69198 -0.866422 3.89997 0.620993 -0.535487 -0.90723 1.73439e-05 0.00479972 -0.0499971 
119.981 8000 0.0298 0.0599 0.024 1.22204 1 0.05 0 25 -40 
0.923196 -4.92843 -0.0750012 -1.98086 -0.0228877 0.72504 0 -0.1 2.55447 -0.805506 4.69199 -0.866418 3.89997 0.620994 -0.535489 -0.907226 1.4695e-05 0.00479976 -0.0499976 
119.981 8000 0.0298 0.0599 0.024 1.22204 1 0.05 0 25 -40 
0.923197 -4.92843 -0.075001 -1.98085 -0.0228896 0.725049 0 -0.1 2.55447 -0.805505 4.69199 -0.866415 3.89998 0.620995 -0.535491 -0.907222 1.24452e-05 0.0047998 -0.0499979 
119.981 8000 0.0298 0.0599 0.024 1.22204 1 0.05 0 25 -40 
0.923197 -4.92842 -0.0750009 -1.98085 -0.0228912 0.725057 0 -0.1 2.55448 -0.805504 4.69199 -0.866413 3.89998 0.620996 -0.535492 -0.907218 1.05354e-05 0.00479983 -0.0499982 
119.981 8000 0.0298 0.0599 0.024 1.22204 1 0.05 0 25 -40 
0.923198 -4.92842 -0.0750007 -1.98084 -0.0228925 0.725064 0 -0.1 2.55448 -0.805503 4.69199 -0.866411 3.89998 0.620996 -0.535493 -0.907215 8.91499e-06 0.00479986 -0.0499985 
119.981 8000 0.0298 0.0599 0.024 1.22204 1 0.05 0 25 -40 
0.923198 -4.92842 -0.0750006 -1.98083 -0.0228937 0.725069 0 -0.1 2.55448 -0.805503 4.69199 -0.866409 3.89999 0.620997 -0.535494 -0.907213 7.54069e-06 0.00479988 -0.0499987 
119.981 8000 0.0298 0.0599 0.024 1.22204 1 0.05 0 25 -40 
0.923198 -4.92841 -0.0750005 -1.98083 -0.0228947 0.725074 0 -0.1 2.55449 -0.805502 4.69199 -0.866408 3.89999 0.620997 -0.535495 -0.907211 6.37569e-06 0.0047999 -0.0499989 
119.981 8000 0.0298 0.0599 0.024 1.22204 1 0.05 0 25 -40 
0.923199 -4.92841 -0.0750004 -1.98082 -0.0228955 0.725078 0 -0.1 2.55449 -0.805502 4.69199 -0.866407 3.89999 0.620998 -0.535496 -0.907209 5.38855e-06 0.00479991 -0.0499991 
119.981 8000 0.0298 0.0599 0.024 1.22204 1 0.05 0 25 -40 
0.923199 -4.92841 -0.0750004 -1.98082 -0.0228962 0.725081 0 -0.1 2.55449 -0.805502 4.692 -0.866406 3.89999 0.620998 -0.535497 -0.907208 4.5525e-06 0.00479993 -0.0499992 
119.981 8000 0.0298 0.0599 0.024 1.22204 1 0.05 0 25 -40 
0.923199 -4.92841 -0.0750003 -1.98082 -0.0228968 0.725084 0 -0.1 2.55449 -0.805501 4.692 -0.866405 3.89999 0.620998 -0.535497 -0.907207 3.8447e-06 0.00479994 -0.0499994 
119.981 8000 0.0298 0.0599 0.024 1.22204 1 0.05 0 25 -40 
0.923199 -4.92841 -0.0750003 -1.98081 -0.0228973 0.725087 0 -0.1 2.55449 -0.805501 4.692 -0.866404 3.89999 0.620999 -0.535498 -0.907206 3.24575e-06 0.00479995 -0.0499995 
119.981 8000 0.0298 0.0599 0.024 1.22204 1 0.05 0 25 -40 
0.923199 -4.92841 -0.0750002 -1.98081 -0.0228977 0.725089 0 -0.1 2.55449 -0.805501 4.692 -0.866403 3.89999 0.620999 -0.535498 -0.907205 2.73911e-06 0.00479996 -0.0499995 
119.981 8000 0.0298 0.0599 0.024 1.22204 1 0.05 0 25 -40 
0.923199 -4.9284 -0.0750002 -1.98081 -0.0228981 0.725091 0 -0.1 2.5545 -0.805501 4.692 -0.866403 3.9 0.620999 -0.535498 -0.907204 2.31072e-06 0.00479996 -0.0499996 
119.981 8000 0.0298 0.0599 0.024 1.22204 1 0.05 0 25 -40 
0.9232 -4.9284 -0.0750002 -1.98081 -0.0228984 0.725092 0 -0.1 2.5545 -0.805501 4.692 -0.866402 3.9 0.620999 -0.535499 -0.907203 1.94865e-06 0.00479997 -0.0499997 
119.981 8000 0.0298 0.0599 0.024 1.22204 1 0.05 0 25 -40 
0.9232 -4.9284 -0.0750001 -1.98081 -0.0228986 0.725093 0 -0.1 2.5545 -0.805501 4.692 -0.866402 3.9 0.620999 -0.535499 -0.907203 1.64274e-06 0.00479997 -0.0499997 
119.981 8000 0.0298 0.0599 0.024 1.22204 1 0.05 0 25 -40 
0.9232 -4.9284 -0.0750001 -1.98081 -0.0228988 0.725094 0 -0.1 2.5545 -0.805501 4.692 -0.866402 3.9 0.620999 -0.535499 -0.907202 1.38439e-06 0.00479998 -0.0499998 
119.981 8000 0.0298 0.0599 0.024 1.22204 1 0.05 0 25 -40 
0.9232 -4.9284 -0.0750001 -1.98081 -0.022899 0.725095 0 -0.1 2.5545 -0.8055 4.692 -0.866401 3.9 0.621 -0.535499 -0.907202 1.16629e-06 0.00479998 -0.0499998 
119.981 8000 0.0298 0.0599 0.024 1.22204 1 0.05 0 25 -40 
0.9232 -4.9284 -0.0750001 -1.9808 -0.0228992 0.725096 0 -0.1 2.5545 -0.8055 4.692 -0.866401 3.9 0.621 -0.535499 -0.907202 9.82219e-07 0.00479998 -0.0499998 
119.981 8000 0.0298 0.0599 0.024 1.22204 1 0.05 0 25 -40 
0.9232 -4.9284 -0.0750001 -1.9808 -0.0228993 0.725097 0 -0.1 2.5545 -0.8055 4.692 -0.866401 3.9 0.621 -0.535499 -0.907201 8.26937e-07 0.00479999 -0.0499999 
119.981 8000 0.0298 0.0599 0.024 1.22204 1 0.05 0 25 -40 
0.9232 -4.9284 -0.0750001 -1.9808 -0.0228994 0.725097 0 -0.1 2.5545 -0.8055 4.692 -0.866401 3.9 0.621 -0.535499 -0.907201 6.95985e-07 0.00479999 -0.0499999 
119.981 8000 0.0298 0.0599 0.024 1.22204 1 0.05 0 25 -40 
0.9232 -4.9284 -0.075 -1.9808 -0.0228995 0.725098 0 -0.1 2.5545 -0.8055 4.692 -0.866401 3.9 0.621 -0.5355 -0.907201 5.85589e-07 0.00479999 -0.0499999 
119.981 8000 0.0298 0.0599 0.024 1.22204 1 0.05 0 25 -40 
0.9232 -4.9284 -0.075 -1.9808 -0.0228996 0.725098 0 -0.1 2.5545 -0.8055 4.692 -0.866401 3.9 0.621 -0.5355 -0.907201 4.92554e-07 0.00479999 -0.0499999 
119.981 8000 0.0298 0.0599 0.024 1.22204 1 0.05 0 25 -40 
0.9232 -4.9284 -0.075 -1.9808 -0.0228997 0.725098 0 -0.1 2.5545 -0.8055 4.692 -0.866401 3.9 0.621 -0.5355 -0.907201 4.14176e-07 0.00479999 -0.0499999 
119.981 8000 0.0298 0.0599 0.024 1.22204 1 0.05 0 25 -40 
0.9232 -4.9284 -0.075 -1.9808 -0.0228997 0.725099 0 -0.1 2.5545 -0.8055 4.692 -0.8664 3.9 0.621 -0.5355 -0.907201 3.48168e-07 0.00479999 -0.0499999 
119.981 8000 0.0298 0.0599 0.024 1.22204 1 0.05 0 25 -40 
0.9232 -4.9284 -0.075 -1.9808 -0.0228998 0.725099 0 -0.1 2.5545 -0.8055 4.692 -0.8664 3.9 0.621 -0.5355 -0.907201 2.92595e-07 0.0048 -0.05 
119.981 8000 0.0298 0.0599 0.024 1.22204 1 0.05 0 25 -40 
0.9232 -4.9284 -0.075 -1.9808 -0.0228998 0.725099 0 -0.1 2.5545 -0.8055 4.692 -0.8664 3.9 0.621 -0.5355 -0.9072 2.45822e-07 0.0048 -0.05 
119.981 8000 0.0298 0.0599 0.024 1.22204 1 0.05 0 25 -40 
0.9232 -4.9284 -0.075 -1.9808 -0.0228998 0.725099 0 -0.1 2.5545 -0.8055 4.692 -0.8664 3.9 0.621 -0.5355 -0.9072 2.06468e-07 0.0048 -0.05 
119.981 8000 0.0298 0.0599 0.024 1.22204 1 0.05 0 25 -40 
0.9232 -4.9284 -0.075 -1.9808 -0.0228999 0.725099 0 -0.1 2.5545 -0.8055 4.692 -0.8664 3.9 0.621 -0.5355 -0.9072 1.73367e-07 0.0048 -0.05 
119.981 8000 0.0298 0.0599 0.024 1.22204 1 0.05 0 25 -40 
0.9232 -4.9284 -0.075 -1.9808 -0.0228999 0.725099 0 -0.1 2.5545 -0.8055 4.692 -0.8664 3.9 0.621 -0.5355 -0.9072 1.45534e-07 0.0048 -0.05 
119.981 8000 0.0298 0.0599 0.024 1.22204 1 0.05 0 25 -40 
0.9232 -4.9284 -0.075 -1.9808 -0.0228999 0.7251 0 -0.1 2.5545 -0.8055 4.692 -0.8664 3.9 0.621 -0.5355 -0.9072 1.22136e-07 0.0048 -0.05 
119.981 8000 0.0298 0.0599 0.024 1.22204 1 0.05 0 25 -40 
0.9232 -4.9284 -0.075 -1.9808 -0.0228999 0.7251 0 -0.1 2.5545 -0.8055 4.692 -0.8664 3.9 0.621 -0.5355 -0.9072 1.02473e-07 0.0048 -0.05 
119.981 8000 0.0298 0.0599 0.024 1.22204 1 0.05 0 25 -40 
0.9232 -4.9284 -0.075 -1.9808 -0.0228999 0.7251 0 -0.1 2.5545 -0.8055 4.692 -0.8664 3.9 0.621 -0.5355 -0.9072 8.59538e-08 0.0048 -0.05 
119.981 8000 0.0298 0.0599 0.024 1.22204 1 0.05 0 25 -40 
0.9232 -4.9284 -0.075 -1.9808 -0.0228999 0.7251 0 -0.1 2.5545 -0.8055 4.692 -0.8664 3.9 0.621 -0.5355 -0.9072 7.20791e-08 0.0048 -0.05 
119.981 8000 0.0298 0.0599 0.024 1.22204 1 0.05 0 25 -40 
0.9232 -4.9284 -0.075 -1.9808 -0.0228999 0.7251 0 -0.1 2.5545 -0.8055 4.692 -0.8664 3.9 0.621 -0.5355 -0.9072 6.0429e-08 0.0048 -0.05 
119.981 8000 0.0298 0.0599 0.024 1.22204 1 0.05 0 25 -40 
0.9232 -4.9284 -0.075 -1.9808 -0.0229 0.7251 0 -0.1 2.5545 -0.8055 4.692 -0.8664 3.9 0.621 -0.5355 -0.9072 5.06494e-08 0.0048 -0.05 
119.981 8000 0.0298 0.0599 0.024 1.22204 1 0.05 0 25 -40 
0.9232 -4.9284 -0.075 -1.9808 -0.0229 0.7251 0 -0.1 2.5545 -0.8055 4.692 -0.8664 3.9 0.621 -0.5355 -0.9072 4.24423e-08 0.0048 -0.05 
119.981 8000 0.0298 0.0599 0.024 1.22204 1 0.05 0 25 -40 
0.9232 -4.9284 -0.075 -1.9808 -0.0229 0.7251 0 -0.1 2.5545 -0.8055 4.692 -0.8664 3.9 0.621 -0.5355 -0.9072 3.55565e-08 0.0048 -0.05 
119.981 8000 0.0298 0.0599 0.024 1.22204 1 0.05 0 25 -40 
0.9232 -4.9284 -0.075 -1.9808 -0.0229 0.7251 0 -0.1 2.5545 -0.8055 4.692 -0.8664 3.9 0.621 -0.5355 -0.9072 2.97809e-08 0.0048 -0.05 
119.981 8000 0.0298 0.0599 0.024 1.22204 1 0.05 0 25 -40 
0.9232 -4.9284 -0.075 -1.9808 -0.0229 0.7251 0 -0.1 2.5545 -0.8055 4.692 -0.8664 3.9 0.621 -0.5355 -0.9072 2.49376e-08 0.0048 -0.05 
119.981 8000 0.0298 0.0599 0.024 1.22204 1 0.05 0 25 -40 
0.9232 -4.9284 -0.075 -1.9808 -0.0229 0.7251 0 -0.1 2.5545 -0.8055 4.692 -0.8664 3.9 0.621 -0.5355 -0.9072 2.08773e-08 0.0048 -0.05 
119.981 8000 0.0298 0.0599 0.024 1.22204 1 0.05 0 25 -40 
0.9232 -4.9284 -0.075 -1.9808 -0.0229 0.7251 0 -0.1 2.5545 -0.8055 4.692 -0.8664 3.9 0.621 -0.5355 -0.9072 1.74741e-08 0.0048 -0.05 
119.981 8000 0.0298 0.0599 0.024 1.22204 1 0.05 0 25 -40 
0.9232 -4.9284 -0.075 -1.9808 -0.0229 0.7251 0 -0.1 2.5545 -0.8055 4.692 -0.8664 3.9 0.621 -0.5355 -0.9072 1.46225e-08 0.0048 -0.05 
119.981 8000 0.0298 0.0599 0.024 1.22204 1 0.05 0 25 -40 
0.9232 -4.9284 -0.075 -1.9808 -0.0229 0.7251 0 -0.1 2.5545 -0.8055 4.692 -0.8664 3.9 0.621 -0.5355 -0.9072 1.22335e-08 0.0048 -0.05 
119.981 8000 0.0298 0.0599 0.024 1.22204 1 0.05 0 25 -40 
0.9232 -4.9284 -0.075 -1.9808 -0.0229 0.7251 0 -0.1 2.5545 -0.8055 4.692 -0.8664 3.9 0.621 -0.5355 -0.9072 1.02327e-08 0.0048 -0.05 
119.981 8000 0.0298 0.0599 0.024 1.22204 1 0.05 0 25 -40 
0.9232 -4.9284 -0.075 -1.9808 -0.0229 0.7251 0 -0.1 2.5545 -0.8055 4.692 -0.8664 3.9 0.621 -0.5355 -0.9072 8.55727e-09 0.0048 -0.05 
119.981 8000 0.0298 0.0599 0.024 1.22204 1 0.05 0 25 -40 
0.9232 -4.9284 -0.075 -1.9808 -0.0229 0.7251 0 -0.1 2.5545 -0.8055 4.692 -0.8664 3.9 0.621 -0.5355 -0.9072 7.15468e-09 0.0048 -0.05 
119.981 8000 0.0298 0.0599 0.024 1.22204 1 0.05 0 25 -40 
0.9232 -4.9284 -0.075 -1.9808 -0.0229 0.7251 0 -0.1 2.5545 -0.8055 4.692 -0.8664 3.9 0.621 -0.5355 -0.9072 5.98075e-09 0.0048 -0.05 
119.981 8000 0.0298 0.0599 0.024 1.22204 1 0.05 0 25 -40 
0.9232 -4.9284 -0.075 -1.9808 -0.0229 0.7251 0 -0.1 2.5545 -0.8055 4.692 -0.8664 3.9 0.621 -0.5355 -0.9072 4.99842e-09 0.0048 -0.05 
119.981 8000 0.0298 0.0599 0.024 1.22204 1 0.05 0 25 -40 
0.9232 -4.9284 -0.075 -1.9808 -0.0229 0.7251 0 -0.1 2.5545 -0.8055 4.692 -0.8664 3.9 0.621 -0.5355 -0.9072 4.17661e-09 0.0048 -0.05 
119.981 8000 0.0298 0.0599 0.024 1.22204 1 0.05 0 25 -40 
0.9232 -4.9284 -0.075 -1.9808 -0.0229 0.7251 0 -0.1 2.5545 -0.8055 4.692 -0.8664 3.9 0.621 -0.5355 -0.9072 3.48922e-09 0.0048 -0.05 
119.981 8000 0.0298 0.0599 0.024 1.22204 1 0.05 0 25 -40 
0.9232 -4.9284 -0.075 -1.9808 -0.0229 0.7251 0 -0.1 2.5545 -0.8055 4.692 -0.8664 3.9 0.621 -0.5355 -0.9072 2.9144e-09 0.0048 -0.05 
119.981 8000 0.0298 0.0599 0.024 1.22204 1 0.05 0 25 -40 
0.9232 -4.9284 -0.075 -1.9808 -0.0229 0.7251 0 -0.1 2.5545 -0.8055 4.692 -0.8664 3.9 0.621 -0.5355 -0.9072 2.43381e-09 0.0048 -0.05 
119.981 8000 0.0298 0.0599 0.024 1.22204 1 0.05 0 25 -40 
0.9232 -4.9284 -0.075 -1.9808 -0.0229 0.7251 0 -0.1 2.5545 -0.8055 4.692 -0.8664 3.9 0.621 -0.5355 -0.9072 2.03208e-09 0.0048 -0.05 
119.981 8000 0.0298 0.0599 0.024 1.22204 1 0.05 0 25 -40 
0.9232 -4.9284 -0.075 -1.9808 -0.0229 0.7251 0 -0.1 2.5545 -0.8055 4.692 -0.8664 3.9 0.621 -0.5355 -0.9072 1.69635e-09 0.0048 -0.05 
119.981 8000 0.0298 0.0599 0.024 1.22204 1 0.05 0 25 -40 
0.9232 -4.9284 -0.075 -1.9808 -0.0229 0.7251 0 -0.1 2.5545 -0.8055 4.692 -0.8664 3.9 0.621 -0.5355 -0.9072 1.41582e-09 0.0048 -0.05 
119.981 8000 0.0298 0.0599 0.024 1.22204 1 0.05 0 25 -40 
0.9232 -4.9284 -0.075 -1.9808 -0.0229 0.7251 0 -0.1 2.5545 -0.8055 4.692 -0.8664 3.9 0.621 -0.5355 -0.9072 1.18147e-09 0.0048 -0.05 
119.981 8000 0.0298 0.0599 0.024 1.22204 1 0.05 0 25 -40 
0.9232 -4.9284 -0.075 -1.9808 -0.0229 0.7251 0 -0.1 2.5545 -0.8055 4.692 -0.8664 3.9 0.621 -0.5355 -0.9072 9.85735e-10 0.0048 -0.05 
119.981 8000 0.0298 0.0599 0.024 1.22204 1 0.05 0 25 -40 
0.9232 -4.9284 -0.075 -1.9808 -0.0229 0.7251 0 -0.1 2.5545 -0.8055 4.692 -0.8664 3.9 0.621 -0.5355 -0.9072 8.22281e-10 0.0048 -0.05 
119.981 8000 0.0298 0.0599 0.024 1.22204 1 0.05 0 25 -40 
0.9232 -4.9284 -0.075 -1.9808 -0.0229 0.7251 0 -0.1 2.5545 -0.8055 4.692 -0.8664 3.9 0.621 -0.5355 -0.9072 6.85811e-10 0.0048 -0.05 
119.981 8000 0.0298 0.0599 0.024 1.22204 1 0.05 0 25 -40 
0.9232 -4.9284 -0.075 -1.9808 -0.0229 0.7251 0 -0.1 2.5545 -0.8055 4.692 -0.8664 3.9 0.621 -0.5355 -0.9072 5.71892e-10 0.0048 -0.05 
119.981 8000 0.0298 0.0599 0.024 1.22204 1 0.05 0 25 -40 
0.9232 -4.9284 -0.075 -1.9808 -0.0229 0.7251 0 -0.1 2.5545 -0.8055 4.692 -0.8664 3.9 0.621 -0.5355 -0.9072 4.76815e-10 0.0048 -0.05 
119.981 8000 0.0298 0.0599 0.024 1.22204 1 0.05 0 25 -40 
0.9232 -4.9284 -0.075 -1.9808 -0.0229 0.7251 0 -0.1 2.5545 -0.8055 4.692 -0.8664 3.9 0.621 -0.5355 -0.9072 3.97477e-10 0.0048 -0.05 
119.981 8000 0.0298 0.0599 0.024 1.22204 1 0.05 0 25 -40 
0.9232 -4.9284 -0.075 -1.9808 -0.0229 0.7251 0 -0.1 2.5545 -0.8055 4.692 -0.8664 3.9 0.621 -0.5355 -0.9072 3.31286e-10 0.0048 -0.05 
119.981 8000 0.0298 0.0599 0.024 1.22204 1 0.05 0 25 -40 
0.9232 -4.9284 -0.075 -1.9808 -0.0229 0.7251 0 -0.1 2.5545 -0.8055 4.692 -0.8664 3.9 0.621 -0.5355 -0.9072 2.76072e-10 0.0048 -0.05 
119.981 8000 0.0298 0.0599 0.024 1.22204 1 0.05 0 25 -40 
0.9232 -4.9284 -0.075 -1.9808 -0.0229 0.7251 0 -0.1 2.5545 -0.8055 4.692 -0.8664 3.9 0.621 -0.5355 -0.9072 2.30023e-10 0.0048 -0.05 
119.981 8000 0.0298 0.0599 0.024 1.22204 1 0.05 0 25 -40 
0.9232 -4.9284 -0.075 -1.9808 -0.0229 0.7251 0 -0.1 2.5545 -0.8055 4.692 -0.8664 3.9 0.621 -0.5355 -0.9072 1.91625e-10 0.0048 -0.05 
119.981 8000 0.0298 0.0599 0.024 1.22204 1 0.05 0 25 -40 
0.9232 -4.9284 -0.075 -1.9808 -0.0229 0.7251 0 -0.1 2.5545 -0.8055 4.692 -0.8664 3.9 0.621 -0.5355 -0.9072 1.59611e-10 0.0048 -0.05 
119.981 8000 0.0298 0.0599 0.024 1.22204 1 0.05 0 25 -40 
0.9232 -4.9284 -0.075 -1.9808 -0.0229 0.7251 0 -0.1 2.5545 -0.8055 4.692 -0.8664 3.9 0.621 -0.5355 -0.9072 1.32925e-10 0.0048 -0.05 
119.981 8000 0.0298 0.0599 0.024 1.22204 1 0.05 0 25 -40 
0.9232 -4.9284 -0.075 -1.9808 -0.0229 0.7251 0 -0.1 2.5545 -0.8055 4.692 -0.8664 3.9 0.621 -0.5355 -0.9072 1.10684e-10 0.0048 -0.05 
119.981 8000 0.0298 0.0599 0.024 1.22204 1 0.05 0 25 -40 
0.9232 -4.9284 -0.075 -1.9808 -0.0229 0.7251 0 -0.1 2.5545 -0.8055 4.692 -0.8664 3.9 0.621 -0.5355 -0.9072 9.21499e-11 0.0048 -0.05 
119.981 8000 0.0298 0.0599 0.024 1.22204 1 0.05 0 25 -40 
0.9232 -4.9284 -0.075 -1.9808 -0.0229 0.7251 0 -0.1 2.5545 -0.8055 4.692 -0.8664 3.9 0.621 -0.5355 -0.9072 7.6708e-11 0.0048 -0.05 
119.981 8000 0.0298 0.0599 0.024 1.22204 1 0.05 0 25 -40 
0.9232 -4.9284 -0.075 -1.9808 -0.0229 0.7251 0 -0.1 2.5545 -0.8055 4.692 -0.8664 3.9 0.621 -0.5355 -0.9072 6.38443e-11 0.0048 -0.05 
119.981 8000 0.0298 0.0599 0.024 1.22204 1 0.05 0 25 -40 
0.9232 -4.9284 -0.075 -1.9808 -0.0229 0.7251 0 -0.1 2.5545 -0.8055 4.692 -0.8664 3.9 0.621 -0.5355 -0.9072 5.313e-11 0.0048 -0.05 
119.981 8000 0.0298 0.0599 0.024 1.22204 1 0.05 0 25 -40 
0.9232 -4.9284 -0.075 -1.9808 -0.0229 0.7251 0 -0.1 2.5545 -0.8055 4.692 -0.8664 3.9 0.621 -0.5355 -0.9072 4.42074e-11 0.0048 -0.05 
119.981 8000 0.0298 0.0599 0.024 1.22204 1 0.05 0 25 -40 
0.9232 -4.9284 -0.075 -1.9808 -0.0229 0.7251 0 -0.1 2.5545 -0.8055 4.692 -0.8664 3.9 0.621 -0.5355 -0.9072 3.6778e-11 0.0048 -0.05 
119.981 8000 0.0298 0.0599 0.024 1.22204 1 0.05 0 25 -40 
0.9232 -4.9284 -0.075 -1.9808 -0.0229 0.7251 0 -0.1 2.5545 -0.8055 4.692 -0.8664 3.9 0.621 -0.5355 -0.9072 3.05928e-11 0.0048 -0.05 
119.981 8000 0.0298 0.0599 0.024 1.22204 1 0.05 0 25 -40 
0.9232 -4.9284 -0.075 -1.9808 -0.0229 0.7251 0 -0.1 2.5545 -0.8055 4.692 -0.8664 3.9 0.621 -0.5355 -0.9072 2.54443e-11 0.0048 -0.05 
119.981 8000 0.0298 0.0599 0.024 1.22204 1 0.05 0 25 -40 
0.9232 -4.9284 -0.075 -1.9808 -0.0229 0.7251 0 -0.1 2.5545 -0.8055 4.692 -0.8664 3.9 0.621 -0.5355 -0.9072 2.11593e-11 0.0048 -0.05 
119.981 8000 0.0298 0.0599 0.024 1.22204 1 0.05 0 25 -40 
0.9232 -4.9284 -0.075 -1.9808 -0.0229 0.7251 0 -0.1 2.5545 -0.8055 4.692 -0.8664 3.9 0.621 -0.5355 -0.9072 1.75935e-11 0.0048 -0.05 
119.981 8000 0.0298 0.0599 0.024 1.22204 1 0.05 0 25 -40 
0.9232 -4.9284 -0.075 -1.9808 -0.0229 0.7251 0 -0.1 2.5545 -0.8055 4.692 -0.8664 3.9 0.621 -0.5355 -0.9072 1.46267e-11 0.0048 -0.05 
119.981 8000 0.0298 0.0599 0.024 1.22204 1 0.05 0 25 -40 
0.9232 -4.9284 -0.075 -1.9808 -0.0229 0.7251 0 -0.1 2.5545 -0.8055 4.692 -0.8664 3.9 0.621 -0.5355 -0.9072 1.21585e-11 0.0048 -0.05 
119.981 8000 0.0298 0.0599 0.024 1.22204 1 0.05 0 25 -40 
0.9232 -4.9284 -0.075 -1.9808 -0.0229 0.7251 0 -0.1 2.5545 -0.8055 4.692 -0.8664 3.9 0.621 -0.5355 -0.9072 1.01055e-11 0.0048 -0.05 
119.981 8000 0.0298 0.0599 0.024 1.22204 1 0.05 0 25 -40 
0.9232 -4.9284 -0.075 -1.9808 -0.0229 0.7251 0 -0.1 2.5545 -0.8055 4.692 -0.8664 3.9 0.621 -0.5355 -0.9072 8.39807e-12 0.0048 -0.05 
119.981 8000 0.0298 0.0599 0.024 1.22204 1 0.05 0 25 -40 
0.9232 -4.9284 -0.075 -1.9808 -0.0229 0.7251 0 -0.1 2.5545 -0.8055 4.692 -0.8664 3.9 0.621 -0.5355 -0.9072 6.97822e-12 0.0048 -0.05 
119.981 8000 0.0298 0.0599 0.024 1.22204 1 0.05 0 25 -40 
0.9232 -4.9284 -0.075 -1.9808 -0.0229 0.7251 0 -0.1 2.5545 -0.8055 4.692 -0.8664 3.9 0.621 -0.5355 -0.9072 5.79769e-12 0.0048 -0.05 
119.981 8000 0.0298 0.0599 0.024 1.22204 1 0.05 0 25 -40 
0.9232 -4.9284 -0.075 -1.9808 -0.0229 0.7251 0 -0.1 2.5545 -0.8055 4.692 -0.8664 3.9 0.621 -0.5355 -0.9072 4.81626e-12 0.0048 -0.05 
119.981 8000 0.0298 0.0599 0.024 1.22204 1 0.05 0 25 -40 
0.9232 -4.9284 -0.075 -1.9808 -0.0229 0.7251 0 -0.1 2.5545 -0.8055 4.692 -0.8664 3.9 0.621 -0.5355 -0.9072 4.00047e-12 0.0048 -0.05 
119.981 8000 0.0298 0.0599 0.024 1.22204 1 0.05 0 25 -40 
0.9232 -4.9284 -0.075 -1.9808 -0.0229 0.7251 0 -0.1 2.5545 -0.8055 4.692 -0.8664 3.9 0.621 -0.5355 -0.9072 3.32245e-12 0.0048 -0.05 
119.981 8000 0.0298 0.0599 0.024 1.22204 1 0.05 0 25 -40 
0.9232 -4.9284 -0.075 -1.9808 -0.0229 0.7251 0 -0.1 2.5545 -0.8055 4.692 -0.8664 3.9 0.621 -0.5355 -0.9072 2.75901e-12 0.0048 -0.05 
119.981 8000 0.0298 0.0599 0.024 1.22204 1 0.05 0 25 -40 
0.9232 -4.9284 -0.075 -1.9808 -0.0229 0.7251 0 -0.1 2.5545 -0.8055 4.692 -0.8664 3.9 0.621 -0.5355 -0.9072 2.29084e-12 0.0048 -0.05 
119.981 8000 0.0298 0.0599 0.024 1.22204 1 0.05 0 25 -40 
0.9232 -4.9284 -0.075 -1.9808 -0.0229 0.7251 0 -0.1 2.5545 -0.8055 4.692 -0.8664 3.9 0.621 -0.5355 -0.9072 1.90189e-12 0.0048 -0.05 
119.981 8000 0.0298 0.0599 0.024 1.22204 1 0.05 0 25 -40 
0.9232 -4.9284 -0.075 -1.9808 -0.0229 0.7251 0 -0.1 2.5545 -0.8055 4.692 -0.8664 3.9 0.621 -0.5355 -0.9072 1.57879e-12 0.0048 -0.05 
119.981 8000 0.0298 0.0599 0.024 1.22204 1 0.05 0 25 -40 
0.9232 -4.9284 -0.075 -1.9808 -0.0229 0.7251 0 -0.1 2.5545 -0.8055 4.692 -0.8664 3.9 0.621 -0.5355 -0.9072 1.31043e-12 0.0048 -0.05 
119.981 8000 0.0298 0.0599 0.024 1.22204 1 0.05 0 25 -40 
0.9232 -4.9284 -0.075 -1.9808 -0.0229 0.7251 0 -0.1 2.5545 -0.8055 4.692 -0.8664 3.9 0.621 -0.5355 -0.9072 1.08755e-12 0.0048 -0.05 
119.981 8000 0.0298 0.0599 0.024 1.22204 1 0.05 0 25 -40 
0.9232 -4.9284 -0.075 -1.9808 -0.0229 0.7251 0 -0.1 2.5545 -0.8055 4.692 -0.8664 3.9 0.621 -0.5355 -0.9072 9.02485e-13 0.0048 -0.05 
119.981 8000 0.0298 0.0599 0.024 1.22204 1 0.05 0 25 -40 
0.9232 -4.9284 -0.075 -1.9808 -0.0229 0.7251 0 -0.1 2.5545 -0.8055 4.692 -0.8664 3.9 0.621 -0.5355 -0.9072 7.48823e-13 0.0048 -0.05 
119.981 8000 0.0298 0.0599 0.024 1.22204 1 0.05 0 25 -40 
0.9232 -4.9284 -0.075 -1.9808 -0.0229 0.7251 0 -0.1 2.5545 -0.8055 4.692 -0.8664 3.9 0.621 -0.5355 -0.9072 6.21256e-13 0.0048 -0.05 
119.981 8000 0.0298 0.0599 0.024 1.22204 1 0.05 0 25 -40 
0.9232 -4.9284 -0.075 -1.9808 -0.0229 0.7251 0 -0.1 2.5545 -0.8055 4.692 -0.8664 3.9 0.621 -0.5355 -0.9072 5.15363e-13 0.0048 -0.05 
119.981 8000 0.0298 0.0599 0.024 1.22204 1 0.05 0 25 -40 
0.9232 -4.9284 -0.075 -1.9808 -0.0229 0.7251 0 -0.1 2.5545 -0.8055 4.692 -0.8664 3.9 0.621 -0.5355 -0.9072 4.27473e-13 0.0048 -0.05 
119.981 8000 0.0298 0.0599 0.024 1.22204 1 0.05 0 25 -40 
0.9232 -4.9284 -0.075 -1.9808 -0.0229 0.7251 0 -0.1 2.5545 -0.8055 4.692 -0.8664 3.9 0.621 -0.5355 -0.9072 3.54533e-13 0.0048 -0.05 
119.981 8000 0.0298 0.0599 0.024 1.22204 1 0.05 0 25 -40 
0.9232 -4.9284 -0.075 -1.9808 -0.0229 0.7251 0 -0.1 2.5545 -0.8055 4.692 -0.8664 3.9 0.621 -0.5355 -0.9072 2.94007e-13 0.0048 -0.05 
119.981 8000 0.0298 0.0599 0.024 1.22204 1 0.05 0 25 -40 
0.9232 -4.9284 -0.075 -1.9808 -0.0229 0.7251 0 -0.1 2.5545 -0.8055 4.692 -0.8664 3.9 0.621 -0.5355 -0.9072 2.43789e-13 0.0048 -0.05 
119.981 8000 0.0298 0.0599 0.024 1.22204 1 0.05 0 25 -40 
0.9232 -4.9284 -0.075 -1.9808 -0.0229 0.7251 0 -0.1 2.5545 -0.8055 4.692 -0.8664 3.9 0.621 -0.5355 -0.9072 2.02127e-13 0.0048 -0.05 
119.981 8000 0.0298 0.0599 0.024 1.22204 1 0.05 0 25 -40 
0.9232 -4.9284 -0.075 -1.9808 -0.0229 0.7251 0 -0.1 2.5545 -0.8055 4.692 -0.8664 3.9 0.621 -0.5355 -0.9072 1.67567e-13 0.0048 -0.05 
119.981 8000 0.0298 0.0599 0.024 1.22204 1 0.05 0 25 -40 
0.9232 -4.9284 -0.075 -1.9808 -0.0229 0.7251 0 -0.1 2.5545 -0.8055 4.692 -0.8664 3.9 0.621 -0.5355 -0.9072 1.38902e-13 0.0048 -0.05 
