# The first two lines (below the comment lines) indicate the name of the vocal fold model and the number of states.
# The following lines contain the control parameters of the vocal folds and the vocal tract (states)
# in steps of 110 audio samples (corresponding to about 2.5 ms for the sampling rate of 44100 Hz).
# For every step, there is one line with the vocal fold parameters followed by
# one line with the vocal tract parameters.
#
Geometric glottis
245
101.594 0 0.0298 0.0599 0.024 1.22204 1 0.05 0 25 -40 
0 -5.54366 0 -3.14779 0.130745 0.496554 0.798331 -0.1 0.628767 -0.420773 3.75154 -0.705731 2.4642 1.61673 -1.01343 -2.50745 0.299153 0 0 
101.594 0 0.0298 0.0599 0.024 1.22204 1 0.05 0 25 -40 
0 -5.54366 0 -3.14779 0.130745 0.496554 0.798331 -0.1 0.628767 -0.420773 3.75154 -0.705731 2.4642 1.61673 -1.01343 -2.50745 0.299153 0 0 
101.594 0 0.0298 0.0599 0.024 1.22204 1 0.05 0 25 -40 
0 -5.54366 0 -3.14779 0.130745 0.496554 0.798331 -0.1 0.628767 -0.420773 3.75154 -0.705731 2.4642 1.61673 -1.01343 -2.50745 0.299153 0 0 
101.594 0 0.0298 0.0599 0.024 1.22204 1 0.05 0 25 -40 
0 -5.54366 0 -3.14779 0.130745 0.496554 0.798331 -0.1 0.628767 -0.420773 3.75154 -0.705731 2.4642 1.61673 -1.01343 -2.50745 0.299153 0 0 
101.594 0 0.0298 0.0599 0.024 1.22204 1 0.05 0 25 -40 
0 -5.54366 0 -3.14779 0.130745 0.496554 0.798331 -0.1 0.628767 -0.420773 3.75154 -0.705731 2.4642 1.61673 -1.01343 -2.50745 0.299153 0 0 
101.594 1.36131 0.0298 0.0599 0.024 1.22204 1 0.05 0 25 -40 
0 -5.54366 0 -3.14779 0.130745 0.496554 0.798331 -0.1 0.628767 -0.420773 3.75154 -0.705731 2.4642 1.61673 -1.01343 -2.50745 0.299153 0 0 
101.594 28.8992 0.0298 0.0599 0.024 1.22204 1 0.05 0 25 -40 
0 -5.54366 0 -3.14779 0.130745 0.496554 0.798331 -0.1 0.628767 -0.420773 3.75154 -0.705731 2.4642 1.61673 -1.01343 -2.50745 0.299153 0 0 
101.594 146.713 0.0298 0.0599 0.024 1.22204 1 0.05 0 25 -40 
0 -5.54366 0 -3.14779 0.130745 0.496554 0.798331 -0.1 0.628767 -0.420773 3.75154 -0.705731 2.4642 1.61673 -1.01343 -2.50745 0.299153 0 0 
101.594 416.279 0.0298 0.0599 0.024 1.22204 1 0.05 0 25 -40 
0 -5.54366 0 -3.14779 0.130745 0.496554 0.798331 -0.1 0.628767 -0.420773 3.75154 -0.705731 2.4642 1.61673 -1.01343 -2.50745 0.299153 0 0 
101.595 861.405 0.0298 0.0599 0.024 1.22204 1 0.05 0 25 -40 
0 -5.54366 0 -3.14779 0.130745 0.496554 0.798331 -0.1 0.628767 -0.420773 3.75154 -0.705731 2.4642 1.61673 -1.01343 -2.50745 0.299153 0 0 
101.597 1464.12 0.0298 0.0599 0.024 1.22204 1 0.05 0 25 -40 
0 -5.54366 0 -3.14779 0.130745 0.496554 0.798331 -0.1 0.628767 -0.420773 3.75154 -0.705731 2.4642 1.61673 -1.01343 -2.50745 0.299153 0 0 
101.6 2178.52 0.0298 0.0599 0.024 1.22204 1 0.05 0 25 -40 
0 -5.54366 0 -3.14779 0.130745 0.496554 0.798331 -0.1 0.628767 -0.420773 3.75154 -0.705731 2.4642 1.61673 -1.01343 -2.50745 0.299153 0 0 
101.605 2948.27 0.0298 0.0599 0.024 1.22204 1 0.05 0 25 -40 
0 -5.54366 0 -3.14779 0.130745 0.496554 0.798331 -0.1 0.628767 -0.420773 3.75154 -0.705731 2.4642 1.61673 -1.01343 -2.50745 0.299153 0 0 
101.612 3720.36 0.0298 0.0599 0.024 1.22204 1 0.05 0 25 -40 
0 -5.54366 0 -3.14779 0.130745 0.496554 0.798331 -0.1 0.628767 -0.420773 3.75154 -0.705731 2.4642 1.61673 -1.01343 -2.50745 0.299153 0 0 
101.623 4452.79 0.0298 0.0599 0.024 1.22204 1 0.05 0 25 -40 
0 -5.54366 0 -3.14779 0.130745 0.496554 0.798331 -0.1 0.628767 -0.420773 3.75154 -0.705731 2.4642 1.61673 -1.01343 -2.50745 0.299153 0 0 
101.638 5117.28 0.0298 0.0599 0.024 1.22204 1 0.05 0 25 -40 
0 -5.54366 0 -3.14779 0.130745 0.496554 0.798331 -0.1 0.628767 -0.420773 3.75154 -0.705731 2.4642 1.61673 -1.01343 -2.50745 0.299153 0 0 
101.657 5698.52 0.0298 0.0599 0.024 1.22204 1 0.05 0 25 -40 
0 -5.54366 0 -3.14779 0.130745 0.496554 0.798331 -0.1 0.628767 -0.420773 3.75154 -0.705731 2.4642 1.61673 -1.01343 -2.50745 0.299153 0 0 
101.683 6191.7 0.0298 0.0599 0.024 1.22204 1 0.05 0 25 -40 
0 -5.54366 0 -3.14779 0.130745 0.496554 0.798331 -0.1 0.628767 -0.420773 3.75154 -0.705731 2.4642 1.61673 -1.01343 -2.50745 0.299153 0 0 
101.714 6599.52 0.0298 0.0599 0.024 1.22204 1 0.05 0 25 -40 
0 -5.54366 0 -3.14779 0.130745 0.496554 0.798331 -0.1 0.628767 -0.420773 3.75154 -0.705731 2.4642 1.61673 -1.01343 -2.50745 0.299153 0 0 
101.753 6929.4 0.0298 0.0599 0.024 1.22204 1 0.05 0 25 -40 
0 -5.54366 0 -3.14779 0.130745 0.496554 0.798331 -0.1 0.628767 -0.420773 3.75154 -0.705731 2.4642 1.61673 -1.01343 -2.50745 0.299153 0 0 
101.799 7191.18 0.0298 0.0599 0.024 1.22204 1 0.05 0 25 -40 
0 -5.54366 0 -3.14779 0.130745 0.496554 0.798331 -0.1 0.628767 -0.420773 3.75154 -0.705731 2.4642 1.61673 -1.01343 -2.50745 0.299153 0 0 
101.854 7395.46 0.0298 0.0599 0.024 1.22204 1 0.05 0 25 -40 
0 -5.54366 0 -3.14779 0.130745 0.496554 0.798331 -0.1 0.628767 -0.420773 3.75154 -0.705731 2.4642 1.61673 -1.01343 -2.50745 0.299153 0 0 
101.918 7552.55 0.0298 0.0599 0.024 1.22204 1 0.05 0 25 -40 
0 -5.54366 0 -3.14779 0.130745 0.496554 0.798331 -0.1 0.628767 -0.420773 3.75154 -0.705731 2.4642 1.61673 -1.01343 -2.50745 0.299153 0 0 
101.992 7671.76 0.0298 0.0599 0.024 1.22204 1 0.05 0 25 -40 
0 -5.54366 0 -3.14779 0.130745 0.496554 0.798331 -0.1 0.628767 -0.420773 3.75154 -0.705731 2.4642 1.61673 -1.01343 -2.50745 0.299153 0 0 
102.075 7761.19 0.0298 0.0599 0.024 1.22204 1 0.05 0 25 -40 
0 -5.54366 0 -3.14779 0.130745 0.496554 0.798331 -0.1 0.628767 -0.420773 3.75154 -0.705731 2.4642 1.61673 -1.01343 -2.50745 0.299153 0 0 
102.169 7827.55 0.0298 0.0599 0.024 1.22204 1 0.05 0 25 -40 
0 -5.54366 0 -3.14779 0.130745 0.496554 0.798331 -0.1 0.628767 -0.420773 3.75154 -0.705731 2.4642 1.61673 -1.01343 -2.50745 0.299153 0 0 
102.274 7876.34 0.0298 0.0599 0.024 1.22204 1 0.05 0 25 -40 
0 -5.54366 0 -3.14779 0.130745 0.496554 0.798331 -0.1 0.628767 -0.420773 3.75154 -0.705731 2.4642 1.61673 -1.01343 -2.50745 0.299153 0 0 
102.39 7911.89 0.0298 0.0599 0.024 1.22204 1 0.05 0 25 -40 
0 -5.54366 0 -3.14779 0.130745 0.496554 0.798331 -0.1 0.628767 -0.420773 3.75154 -0.705731 2.4642 1.61673 -1.01343 -2.50745 0.299153 0 0 
102.517 7937.6 0.0298 0.0599 0.024 1.22204 1 0.05 0 25 -40 
0 -5.54366 0 -3.14779 0.130745 0.496554 0.798331 -0.1 0.628767 -0.420773 3.75154 -0.705731 2.4642 1.61673 -1.01343 -2.50745 0.299153 0 0 
102.655 7956.05 0.0298 0.0599 0.024 1.22204 1 0.05 0 25 -40 
0 -5.54366 0 -3.14779 0.130745 0.496554 0.798331 -0.1 0.628767 -0.420773 3.75154 -0.705731 2.4642 1.61673 -1.01343 -2.50745 0.299153 0 0 
102.804 7969.2 0.0298 0.0599 0.024 1.22204 1 0.05 0 25 -40 
0 -5.54366 0 -3.14779 0.130745 0.496554 0.798331 -0.1 0.628767 -0.420773 3.75154 -0.705731 2.4642 1.61673 -1.01343 -2.50745 0.299153 0 0 
102.965 7978.53 0.0298 0.0599 0.024 1.22204 1 0.05 0 25 -40 
0 -5.54366 0 -3.14779 0.130745 0.496554 0.798331 -0.1 0.628767 -0.420773 3.75154 -0.705731 2.4642 1.61673 -1.01343 -2.50745 0.299153 0 0 
103.137 7985.09 0.0298 0.0599 0.024 1.22204 1 0.05 0 25 -40 
0 -5.54366 0 -3.14779 0.130745 0.496554 0.798331 -0.1 0.628767 -0.420773 3.75154 -0.705731 2.4642 1.61673 -1.01343 -2.50745 0.299153 0 0 
103.319 7989.7 0.0298 0.0599 0.024 1.22204 1 0.05 0 25 -40 
0 -5.54366 0 -3.14779 0.130745 0.496554 0.798331 -0.1 0.628767 -0.420773 3.75154 -0.705731 2.4642 1.61673 -1.01343 -2.50745 0.299153 0 0 
103.513 7992.91 0.0298 0.0599 0.024 1.22204 1 0.05 0 25 -40 
0 -5.54366 0 -3.14779 0.130745 0.496554 0.798331 -0.1 0.628767 -0.420773 3.75154 -0.705731 2.4642 1.61673 -1.01343 -2.50745 0.299153 0 0 
103.716 7995.13 0.0298 0.0599 0.024 1.22204 1 0.05 0 25 -40 
0 -5.54366 0 -3.14779 0.130745 0.496554 0.798331 -0.1 0.628767 -0.420773 3.75154 -0.705731 2.4642 1.61673 -1.01343 -2.50745 0.299153 0 0 
103.93 7996.67 0.0298 0.0599 0.024 1.22204 1 0.05 0 25 -40 
0 -5.54366 0 -3.14779 0.130745 0.496554 0.798331 -0.1 0.628767 -0.420773 3.75154 -0.705731 2.4642 1.61673 -1.01343 -2.50745 0.299153 0 0 
104.153 7997.73 0.0298 0.0599 0.024 1.22204 1 0.05 0 25 -40 
0 -5.54366 0 -3.14779 0.130745 0.496554 0.798331 -0.1 0.628767 -0.420773 3.75154 -0.705731 2.4642 1.61673 -1.01343 -2.50745 0.299153 0 0 
104.385 7998.46 0.0298 0.0599 0.024 1.22204 1 0.05 0 25 -40 
0 -5.54366 0 -3.14779 0.130745 0.496554 0.798331 -0.1 0.628767 -0.420773 3.75154 -0.705731 2.4642 1.61673 -1.01343 -2.50745 0.299153 0 0 
104.627 7998.96 0.0298 0.0599 0.024 1.22204 1 0.05 0 25 -40 
0 -5.54366 0 -3.14779 0.130745 0.496554 0.798331 -0.1 0.628767 -0.420773 3.75154 -0.705731 2.4642 1.61673 -1.01343 -2.50745 0.299153 0 0 
104.876 7999.3 0.0298 0.0599 0.024 1.22204 1 0.05 0 25 -40 
0 -5.54366 0 -3.14779 0.130745 0.496554 0.798331 -0.1 0.628767 -0.420773 3.75154 -0.705731 2.4642 1.61673 -1.01343 -2.50745 0.299153 0 0 
105.133 7999.53 0.0298 0.0599 0.024 1.22204 1 0.05 0 25 -40 
8.1314e-12 -5.54366 0 -3.14779 0.130745 0.496554 0.798331 -0.1 0.628767 -0.420773 3.75154 -0.705731 2.4642 1.61673 -1.01343 -2.50745 0.299153 1.01747e-11 6.6719e-12 
105.397 7999.68 0.0298 0.0599 0.024 1.22204 1 0.05 0 25 -40 
6.29794e-07 -5.54365 0 -3.1478 0.130748 0.496554 0.798332 -0.1 0.62876 -0.420782 3.75154 -0.705738 2.4642 1.61672 -1.01344 -2.50746 0.299151 7.88049e-07 5.16754e-07 
105.668 7999.79 0.0298 0.0599 0.024 1.22204 1 0.05 0 25 -40 
1.2907e-05 -5.54361 0 -3.14803 0.13079 0.496543 0.798334 -0.1 0.628624 -0.420955 3.75157 -0.705875 2.46418 1.61633 -1.01354 -2.50757 0.299113 1.61503e-05 1.05904e-05 
105.945 7999.86 0.0298 0.0599 0.024 1.22204 1 0.05 0 25 -40 
7.51335e-05 -5.54339 0 -3.14918 0.131005 0.496492 0.798349 -0.1 0.627938 -0.421834 3.75174 -0.70657 2.46409 1.6144 -1.01405 -2.50814 0.298922 9.40133e-05 6.1648e-05 
106.227 7999.91 0.0298 0.0599 0.024 1.22204 1 0.05 0 25 -40 
0.000254119 -5.54277 0 -3.1525 0.131624 0.496344 0.798391 -0.1 0.625965 -0.424362 3.75222 -0.708568 2.46384 1.60885 -1.01551 -2.50978 0.298373 0.000317974 0.000208508 
106.514 7999.94 0.0298 0.0599 0.024 1.22204 1 0.05 0 25 -40 
0.000633432 -5.54145 0 -3.15954 0.132936 0.49603 0.79848 -0.1 0.621782 -0.429718 3.75323 -0.712804 2.46331 1.59707 -1.01861 -2.51326 0.297209 0.000792602 0.000519739 
106.805 7999.96 0.0298 0.0599 0.024 1.22204 1 0.05 0 25 -40 
0.00129846 -5.53913 0 -3.17187 0.135237 0.49548 0.798636 -0.1 0.614449 -0.439109 3.755 -0.72023 2.46237 1.57643 -1.02404 -2.51935 0.295169 0.00162474 0.00106541 
107.1 7999.97 0.0298 0.0599 0.024 1.22204 1 0.05 0 25 -40 
0.00232367 -5.53555 0 -3.19089 0.138783 0.494632 0.798876 -0.1 0.603145 -0.453586 3.75774 -0.731679 2.46093 1.5446 -1.03242 -2.52874 0.292023 0.00290757 0.0019066 
107.399 7999.98 0.0298 0.0599 0.024 1.22204 1 0.05 0 25 -40 
0.00376398 -5.53052 0 -3.2176 0.143765 0.49344 0.799214 -0.1 0.587264 -0.473925 3.76158 -0.747762 2.4589 1.49989 -1.04419 -2.54194 0.287604 0.0047098 0.00308839 
107.7 7999.99 0.0298 0.0599 0.024 1.22204 1 0.05 0 25 -40 
0.00565044 -5.52394 0 -3.25259 0.15029 0.49188 0.799657 -0.1 0.566463 -0.500565 3.76661 -0.768828 2.45625 1.44133 -1.0596 -2.55923 0.281816 0.0070703 0.00463626 
108.002 7999.99 0.0298 0.0599 0.024 1.22204 1 0.05 0 25 -40 
0.00798959 -5.51577 0 -3.29598 0.158382 0.489945 0.800205 -0.1 0.540671 -0.533597 3.77284 -0.794949 2.45296 1.36872 -1.07871 -2.58066 0.274639 0.00999723 0.00655556 
108.307 7999.99 0.0298 0.0599 0.024 1.22204 1 0.05 0 25 -40 
0.0107653 -5.50609 0 -3.34746 0.167983 0.487649 0.800856 -0.1 0.510065 -0.572794 3.78024 -0.825946 2.44905 1.28255 -1.1014 -2.6061 0.266122 0.0134705 0.00883309 
108.612 8000 0.0298 0.0599 0.024 1.22204 1 0.05 0 25 -40 
0.0139426 -5.495 0 -3.40639 0.178973 0.485021 0.801602 -0.1 0.475032 -0.61766 3.78871 -0.861425 2.44458 1.18392 -1.12736 -2.63521 0.256374 0.0174461 0.01144 
108.917 8000 0.0298 0.0599 0.024 1.22204 1 0.05 0 25 -40 
0.0174716 -5.48268 0 -3.47185 0.19118 0.482101 0.802429 -0.1 0.43612 -0.667494 3.79812 -0.900833 2.43961 1.07438 -1.15619 -2.66755 0.245546 0.0218618 0.0143356 
109.223 8000 0.0298 0.0599 0.024 1.22204 1 0.05 0 25 -40 
0.0212926 -5.46935 0 -3.54272 0.204397 0.47894 0.803326 -0.1 0.393987 -0.721453 3.80831 -0.943503 2.43424 0.95576 -1.18741 -2.70257 0.233822 0.0266431 0.0174709 
109.528 8000 0.0298 0.0599 0.024 1.22204 1 0.05 0 25 -40 
0.0253404 -5.45522 0 -3.6178 0.218399 0.475592 0.804275 -0.1 0.349355 -0.778613 3.8191 -0.988704 2.42854 0.830106 -1.22049 -2.73966 0.221403 0.031708 0.0207922 
109.832 8000 0.0298 0.0599 0.024 1.22204 1 0.05 0 25 -40 
0.0295479 -5.44054 0 -3.69584 0.232952 0.472111 0.805262 -0.1 0.302962 -0.838028 3.83032 -1.03569 2.42262 0.699497 -1.25487 -2.77822 0.208493 0.0369727 0.0242444 
110.134 8000 0.0298 0.0599 0.024 1.22204 1 0.05 0 25 -40 
0.0338492 -5.42553 0 -3.77562 0.247831 0.468553 0.806271 -0.1 0.255534 -0.898768 3.84179 -1.08372 2.41657 0.565973 -1.29001 -2.81763 0.195296 0.0423549 0.0277737 
110.435 8000 0.0298 0.0599 0.024 1.22204 1 0.05 0 25 -40 
0.0381825 -5.41041 0 -3.85599 0.26282 0.464969 0.807287 -0.1 0.207754 -0.95996 3.85334 -1.13211 2.41047 0.431457 -1.32542 -2.85734 0.182 0.0477771 0.0313293 
110.733 8000 0.0298 0.0599 0.024 1.22204 1 0.05 0 25 -40 
0.0424915 -5.39537 0 -3.93591 0.277724 0.461404 0.808298 -0.1 0.160241 -1.02081 3.86483 -1.18023 2.40441 0.297696 -1.36063 -2.89683 0.168779 0.0531689 0.0348648 
111.028 8000 0.0298 0.0599 0.024 1.22204 1 0.05 0 25 -40 
0.0467266 -5.38059 0 -4.01446 0.292374 0.457901 0.809291 -0.1 0.113544 -1.08061 3.87613 -1.22752 2.39845 0.166229 -1.39523 -2.93563 0.155785 0.0584681 0.0383398 
111.321 8000 0.0298 0.0599 0.024 1.22204 1 0.05 0 25 -40 
0.0508455 -5.36622 0 -4.09086 0.306621 0.454494 0.810257 -0.1 0.0681275 -1.13878 3.88711 -1.27352 2.39265 0.0383674 -1.42889 -2.97338 0.143147 0.0636221 0.0417194 
111.61 8000 0.0298 0.0599 0.024 1.22204 1 0.05 0 25 -40 
0.0548136 -5.35237 0 -4.16446 0.320347 0.451211 0.811188 -0.1 0.0243744 -1.19481 3.89769 -1.31783 2.38707 -0.0848106 -1.46131 -3.00974 0.130972 0.0685872 0.0449752 
111.896 8000 0.0298 0.0599 0.024 1.22204 1 0.05 0 25 -40 
0.0586034 -5.33914 0 -4.23475 0.333456 0.448076 0.812077 -0.1 -0.0174132 -1.24833 3.90779 -1.36015 2.38173 -0.202455 -1.49228 -3.04447 0.119344 0.0733294 0.0480848 
112.177 8000 0.0298 0.0599 0.024 1.22204 1 0.05 0 25 -40 
0.0621945 -5.32661 0 -4.30136 0.345877 0.445105 0.812919 -0.1 -0.0570098 -1.29904 3.91737 -1.40025 2.37668 -0.313931 -1.52162 -3.07738 0.108326 0.0778228 0.0510314 
112.454 8000 0.0298 0.0599 0.024 1.22204 1 0.05 0 25 -40 
0.0655727 -5.31482 0 -4.36402 0.357563 0.442311 0.813711 -0.1 -0.0942596 -1.34675 3.92637 -1.43797 2.37193 -0.418801 -1.54922 -3.10833 0.0979604 0.08205 0.0538033 
112.727 8000 0.0298 0.0599 0.024 1.22204 1 0.05 0 25 -40 
0.0687297 -5.3038 0 -4.42257 0.368483 0.439699 0.814452 -0.1 -0.129069 -1.39133 3.93479 -1.47323 2.36748 -0.5168 -1.57502 -3.13726 0.0882741 0.0860002 0.0563936 
112.995 8000 0.0298 0.0599 0.024 1.22204 1 0.05 0 25 -40 
0.0716617 -5.29357 0 -4.47696 0.378625 0.437274 0.81514 -0.1 -0.161399 -1.43273 3.94261 -1.50597 2.36336 -0.607817 -1.59898 -3.16413 0.079278 0.089669 0.0587994 
113.259 8000 0.0298 0.0599 0.024 1.22204 1 0.05 0 25 -40 
0.0743694 -5.28412 0 -4.52718 0.387991 0.435034 0.815775 -0.1 -0.191255 -1.47097 3.94983 -1.5362 2.35955 -0.691871 -1.6211 -3.18894 0.0709701 0.0930571 0.0610211 
113.517 8000 0.0298 0.0599 0.024 1.22204 1 0.05 0 25 -40 
0.0768567 -5.27544 0 -4.57331 0.396594 0.432977 0.816358 -0.1 -0.218681 -1.50609 3.95646 -1.56398 2.35605 -0.769083 -1.64142 -3.21173 0.0633384 0.0961695 0.0630619 
113.77 8000 0.0298 0.0599 0.024 1.22204 1 0.05 0 25 -40 
0.0791304 -5.26751 0 -4.61548 0.404459 0.431096 0.816891 -0.1 -0.243751 -1.5382 3.96252 -1.58937 2.35285 -0.839664 -1.66 -3.23257 0.0563622 0.0990145 0.0649275 
114.018 8000 0.0298 0.0599 0.024 1.22204 1 0.05 0 25 -40 
0.0811993 -5.26029 0 -4.65386 0.411615 0.429384 0.817377 -0.1 -0.266563 -1.56741 3.96804 -1.61247 2.34994 -0.903886 -1.67691 -3.25153 0.0500145 0.101603 0.066625 
114.261 8000 0.0298 0.0599 0.024 1.22204 1 0.05 0 25 -40 
0.0830736 -5.25375 0 -4.68862 0.418099 0.427834 0.817816 -0.1 -0.28723 -1.59388 3.97304 -1.6334 2.3473 -0.962071 -1.69222 -3.2687 0.0442635 0.103949 0.068163 
114.497 8000 0.0298 0.0599 0.024 1.22204 1 0.05 0 25 -40 
0.084765 -5.24784 0 -4.71999 0.423949 0.426435 0.818213 -0.1 -0.30588 -1.61777 3.97755 -1.65229 2.34492 -1.01458 -1.70604 -3.2842 0.0390739 0.106065 0.0695508 
114.729 8000 0.0298 0.0599 0.024 1.22204 1 0.05 0 25 -40 
0.0862855 -5.24254 0 -4.7482 0.429209 0.425177 0.81857 -0.1 -0.322645 -1.63924 3.9816 -1.66927 2.34278 -1.06177 -1.71847 -3.29813 0.0344087 0.107967 0.0707984 
114.954 8000 0.0298 0.0599 0.024 1.22204 1 0.05 0 25 -40 
0.0876475 -5.23778 0 -4.77346 0.43392 0.42405 0.818889 -0.1 -0.337663 -1.65847 3.98523 -1.68448 2.34086 -1.10405 -1.7296 -3.31062 0.0302299 0.109672 0.0719159 
115.174 8000 0.0298 0.0599 0.024 1.22204 1 0.05 0 25 -40 
0.0888634 -5.23354 0 -4.79601 0.438126 0.423044 0.819174 -0.1 -0.35107 -1.67564 3.98847 -1.69806 2.33915 -1.1418 -1.73953 -3.32176 0.0264993 0.111193 0.0729135 
115.388 8000 0.0298 0.0599 0.024 1.22204 1 0.05 0 25 -40 
0.0899454 -5.22976 0 -4.81608 0.441868 0.422149 0.819428 -0.1 -0.363001 -1.69092 3.99136 -1.71014 2.33763 -1.17539 -1.74837 -3.33167 0.0231793 0.112547 0.0738014 
115.597 8000 0.0298 0.0599 0.024 1.22204 1 0.05 0 25 -40 
0.0909054 -5.22641 0 -4.83389 0.445189 0.421355 0.819653 -0.1 -0.373586 -1.70448 3.99392 -1.72086 2.33628 -1.20519 -1.75622 -3.34047 0.0202336 0.113748 0.0745891 
115.799 8000 0.0298 0.0599 0.024 1.22204 1 0.05 0 25 -40 
0.0917548 -5.22345 0 -4.84964 0.448127 0.420653 0.819852 -0.1 -0.382952 -1.71647 3.99618 -1.73034 2.33508 -1.23156 -1.76316 -3.34825 0.0176275 0.114811 0.075286 
115.996 8000 0.0298 0.0599 0.024 1.22204 1 0.05 0 25 -40 
0.0925043 -5.22083 0 -4.86354 0.45072 0.420033 0.820028 -0.1 -0.391216 -1.72705 3.99818 -1.73871 2.33403 -1.25482 -1.76928 -3.35512 0.0153281 0.115749 0.0759009 
116.187 8000 0.0298 0.0599 0.024 1.22204 1 0.05 0 25 -40 
0.0931639 -5.21853 0 -4.87577 0.453001 0.419487 0.820183 -0.1 -0.398488 -1.73637 3.99994 -1.74608 2.3331 -1.2753 -1.77467 -3.36117 0.0133043 0.116574 0.0764421 
116.373 8000 0.0298 0.0599 0.024 1.22204 1 0.05 0 25 -40 
0.0937429 -5.21651 0 -4.88651 0.455004 0.419008 0.820319 -0.1 -0.404873 -1.74455 4.00148 -1.75255 2.33229 -1.29327 -1.7794 -3.36647 0.0115276 0.117299 0.0769173 
116.553 8000 0.0298 0.0599 0.024 1.22204 1 0.05 0 25 -40 
0.0942501 -5.21474 0 -4.89592 0.456759 0.418588 0.820438 -0.1 -0.410466 -1.75171 4.00284 -1.75821 2.33157 -1.30902 -1.78355 -3.37112 0.00997135 0.117934 0.0773334 
116.727 8000 0.0298 0.0599 0.024 1.22204 1 0.05 0 25 -40 
0.0946934 -5.21319 0 -4.90414 0.458292 0.418222 0.820542 -0.1 -0.415354 -1.75797 4.00402 -1.76316 2.33095 -1.32278 -1.78717 -3.37518 0.00861124 0.118488 0.0776972 
116.896 8000 0.0298 0.0599 0.024 1.22204 1 0.05 0 25 -40 
0.09508 -5.21185 0 -4.91131 0.459629 0.417902 0.820632 -0.1 -0.419617 -1.76343 4.00505 -1.76748 2.33041 -1.33478 -1.79033 -3.37872 0.00742507 0.118972 0.0780144 
117.059 8000 0.0298 0.0599 0.024 1.22204 1 0.05 0 25 -40 
0.0954165 -5.21067 0 -4.91756 0.460793 0.417624 0.820711 -0.1 -0.423327 -1.76818 4.00594 -1.77123 2.32993 -1.34522 -1.79308 -3.38181 0.00639267 0.119393 0.0782905 
117.217 8000 0.0298 0.0599 0.024 1.22204 1 0.05 0 25 -40 
0.0957088 -5.20965 0 -4.92298 0.461804 0.417382 0.82078 -0.1 -0.42655 -1.77231 4.00672 -1.7745 2.32952 -1.3543 -1.79546 -3.38449 0.00549585 0.119759 0.0785303 
117.369 8000 0.0298 0.0599 0.024 1.22204 1 0.05 0 25 -40 
0.0959622 -5.20877 0 -4.92768 0.462681 0.417172 0.820839 -0.1 -0.429344 -1.77588 4.0074 -1.77733 2.32916 -1.36216 -1.79753 -3.38681 0.00471824 0.120076 0.0787382 
117.516 8000 0.0298 0.0599 0.024 1.22204 1 0.05 0 25 -40 
0.0961816 -5.208 0 -4.93175 0.46344 0.416991 0.820891 -0.1 -0.431763 -1.77898 4.00798 -1.77978 2.32886 -1.36897 -1.79933 -3.38882 0.00404519 0.12035 0.0789182 
117.659 8000 0.0298 0.0599 0.024 1.22204 1 0.05 0 25 -40 
0.0963711 -5.20734 0 -4.93526 0.464095 0.416834 0.820935 -0.1 -0.433853 -1.78166 4.00849 -1.78189 2.32859 -1.37486 -1.80088 -3.39056 0.00346363 0.120587 0.0790737 
117.796 8000 0.0298 0.0599 0.024 1.22204 1 0.05 0 25 -40 
0.0965346 -5.20677 0 -4.93829 0.464661 0.416699 0.820974 -0.1 -0.435656 -1.78397 4.00893 -1.78372 2.32836 -1.37993 -1.80221 -3.39205 0.00296195 0.120792 0.0792079 
117.928 8000 0.0298 0.0599 0.024 1.22204 1 0.05 0 25 -40 
0.0966755 -5.20628 0 -4.94091 0.465148 0.416582 0.821007 -0.1 -0.437208 -1.78596 4.0093 -1.78529 2.32816 -1.3843 -1.80336 -3.39334 0.00252985 0.120968 0.0793235 
118.055 8000 0.0298 0.0599 0.024 1.22204 1 0.05 0 25 -40 
0.0967966 -5.20585 0 -4.94315 0.465567 0.416482 0.821035 -0.1 -0.438544 -1.78767 4.00962 -1.78665 2.32799 -1.38806 -1.80435 -3.39445 0.00215823 0.12112 0.0794228 
118.178 8000 0.0298 0.0599 0.024 1.22204 1 0.05 0 25 -40 
0.0969006 -5.20549 0 -4.94508 0.465927 0.416396 0.821059 -0.1 -0.439691 -1.78914 4.0099 -1.78781 2.32784 -1.39129 -1.8052 -3.39541 0.00183911 0.12125 0.0795082 
118.296 8000 0.0298 0.0599 0.024 1.22204 1 0.05 0 25 -40 
0.0969898 -5.20518 0 -4.94674 0.466235 0.416322 0.82108 -0.1 -0.440674 -1.7904 4.01014 -1.7888 2.32772 -1.39406 -1.80593 -3.39622 0.00156545 0.121362 0.0795814 
118.41 8000 0.0298 0.0599 0.024 1.22204 1 0.05 0 25 -40 
0.0970662 -5.20491 0 -4.94815 0.466499 0.416259 0.821098 -0.1 -0.441517 -1.79147 4.01034 -1.78966 2.32761 -1.39643 -1.80656 -3.39692 0.00133108 0.121457 0.079644 
118.519 8000 0.0298 0.0599 0.024 1.22204 1 0.05 0 25 -40 
0.0971315 -5.20469 0 -4.94937 0.466725 0.416205 0.821114 -0.1 -0.442237 -1.7924 4.01052 -1.79039 2.32752 -1.39846 -1.80709 -3.39752 0.00113062 0.121539 0.0796976 
118.624 8000 0.0298 0.0599 0.024 1.22204 1 0.05 0 25 -40 
0.0971873 -5.20449 0 -4.9504 0.466918 0.416159 0.821127 -0.1 -0.442852 -1.79318 4.01067 -1.79101 2.32744 -1.40019 -1.80755 -3.39803 0.000959394 0.121609 0.0797434 
118.725 8000 0.0298 0.0599 0.024 1.22204 1 0.05 0 25 -40 
0.0972349 -5.20433 0 -4.95128 0.467083 0.416119 0.821138 -0.1 -0.443377 -1.79386 4.01079 -1.79154 2.32737 -1.40167 -1.80793 -3.39847 0.000813302 0.121668 0.0797825 
118.822 8000 0.0298 0.0599 0.024 1.22204 1 0.05 0 25 -40 
0.0972755 -5.20418 0 -4.95204 0.467223 0.416086 0.821147 -0.1 -0.443825 -1.79443 4.0109 -1.79199 2.32732 -1.40293 -1.80827 -3.39884 0.000688805 0.121719 0.0798158 
118.915 8000 0.0298 0.0599 0.024 1.22204 1 0.05 0 25 -40 
0.09731 -5.20406 0 -4.95268 0.467343 0.416057 0.821155 -0.1 -0.444205 -1.79492 4.01099 -1.79238 2.32727 -1.404 -1.80855 -3.39916 0.000582829 0.121762 0.0798441 
119.004 8000 0.0298 0.0599 0.024 1.22204 1 0.05 0 25 -40 
0.0973394 -5.20396 0 -4.95322 0.467445 0.416033 0.821162 -0.1 -0.444529 -1.79533 4.01107 -1.79271 2.32723 -1.40491 -1.80879 -3.39943 0.000492719 0.121799 0.0798682 
119.09 8000 0.0298 0.0599 0.024 1.22204 1 0.05 0 25 -40 
0.0973644 -5.20387 0 -4.95368 0.467531 0.416012 0.821168 -0.1 -0.444804 -1.79568 4.01114 -1.79299 2.32719 -1.40569 -1.80899 -3.39966 0.000416179 0.12183 0.0798887 
119.172 8000 0.0298 0.0599 0.024 1.22204 1 0.05 0 25 -40 
0.0973855 -5.2038 0 -4.95408 0.467604 0.415995 0.821173 -0.1 -0.445038 -1.79598 4.01119 -1.79322 2.32716 -1.40635 -1.80916 -3.39985 0.000351233 0.121857 0.0799061 
119.25 8000 0.0298 0.0599 0.024 1.22204 1 0.05 0 25 -40 
0.0974035 -5.20374 0 -4.95441 0.467666 0.41598 0.821177 -0.1 -0.445236 -1.79624 4.01124 -1.79342 2.32714 -1.4069 -1.80931 -3.40002 0.00029618 0.121879 0.0799208 
119.326 8000 0.0298 0.0599 0.024 1.22204 1 0.05 0 25 -40 
0.0974187 -5.20368 0 -4.95469 0.467719 0.415967 0.821181 -0.1 -0.445403 -1.79645 4.01128 -1.79359 2.32711 -1.40738 -1.80944 -3.40015 0.000249556 0.121898 0.0799333 
119.398 8000 0.0298 0.0599 0.024 1.22204 1 0.05 0 25 -40 
0.0974315 -5.20364 0 -4.95493 0.467763 0.415957 0.821184 -0.1 -0.445545 -1.79663 4.01132 -1.79374 2.3271 -1.40777 -1.80954 -3.40027 0.000210109 0.121914 0.0799438 
119.466 8000 0.0298 0.0599 0.024 1.22204 1 0.05 0 25 -40 
0.0974424 -5.2036 0 -4.95513 0.467801 0.415948 0.821186 -0.1 -0.445665 -1.79679 4.01135 -1.79386 2.32708 -1.40811 -1.80963 -3.40037 0.000176764 0.121928 0.0799527 
119.532 8000 0.0298 0.0599 0.024 1.22204 1 0.05 0 25 -40 
0.0974516 -5.20357 0 -4.9553 0.467832 0.41594 0.821189 -0.1 -0.445766 -1.79692 4.01137 -1.79396 2.32707 -1.4084 -1.8097 -3.40046 0.000148602 0.121939 0.0799603 
119.595 8000 0.0298 0.0599 0.024 1.22204 1 0.05 0 25 -40 
0.0974593 -5.20354 0 -4.95545 0.467859 0.415934 0.82119 -0.1 -0.445851 -1.79703 4.01139 -1.79405 2.32706 -1.40864 -1.80977 -3.40053 0.000124837 0.121949 0.0799666 
119.656 8000 0.0298 0.0599 0.024 1.22204 1 0.05 0 25 -40 
0.0974658 -5.20352 0 -4.95557 0.467882 0.415928 0.821192 -0.1 -0.445923 -1.79712 4.01141 -1.79412 2.32705 -1.40884 -1.80982 -3.40059 0.0001048 0.121957 0.079972 
119.713 8000 0.0298 0.0599 0.024 1.22204 1 0.05 0 25 -40 
0.0974713 -5.2035 0 -4.95567 0.467901 0.415924 0.821193 -0.1 -0.445984 -1.7972 4.01142 -1.79418 2.32704 -1.40901 -1.80987 -3.40064 8.79186e-05 0.121964 0.0799765 
119.768 8000 0.0298 0.0599 0.024 1.22204 1 0.05 0 25 -40 
0.097476 -5.20348 0 -4.95575 0.467917 0.41592 0.821194 -0.1 -0.446035 -1.79726 4.01144 -1.79423 2.32703 -1.40915 -1.8099 -3.40068 7.37079e-05 0.12197 0.0799803 
119.82 8000 0.0298 0.0599 0.024 1.22204 1 0.05 0 25 -40 
0.0974799 -5.20347 0 -4.95583 0.46793 0.415917 0.821195 -0.1 -0.446078 -1.79732 4.01145 -1.79428 2.32703 -1.40928 -1.80994 -3.40072 6.17543e-05 0.121975 0.0799835 
119.871 8000 0.0298 0.0599 0.024 1.22204 1 0.05 0 25 -40 
0.0974831 -5.20346 0 -4.95589 0.467942 0.415914 0.821196 -0.1 -0.446114 -1.79736 4.01146 -1.79431 2.32702 -1.40938 -1.80996 -3.40075 5.17066e-05 0.121979 0.0799862 
119.918 8000 0.0298 0.0599 0.024 1.22204 1 0.05 0 25 -40 
0.0974859 -5.20345 0 -4.95594 0.467951 0.415912 0.821197 -0.1 -0.446145 -1.7974 4.01146 -1.79434 2.32702 -1.40946 -1.80998 -3.40077 4.32671e-05 0.121982 0.0799884 
119.964 8000 0.0298 0.0599 0.024 1.22204 1 0.05 0 25 -40 
0.0974882 -5.20344 0 -4.95598 0.467959 0.41591 0.821197 -0.1 -0.44617 -1.79743 4.01147 -1.79437 2.32702 -1.40953 -1.81 -3.40079 3.61833e-05 0.121985 0.0799903 
120.007 8000 0.0298 0.0599 0.024 1.22204 1 0.05 0 25 -40 
0.0974901 -5.20343 0 -4.95602 0.467966 0.415908 0.821198 -0.1 -0.446191 -1.79746 4.01147 -1.79439 2.32701 -1.40959 -1.81002 -3.40081 3.02416e-05 0.121988 0.0799919 
120.049 8000 0.0298 0.0599 0.024 1.22204 1 0.05 0 25 -40 
0.0974918 -5.20343 0 -4.95605 0.467972 0.415907 0.821198 -0.1 -0.446209 -1.79748 4.01148 -1.79441 2.32701 -1.40964 -1.81003 -3.40082 2.52611e-05 0.12199 0.0799932 
120.088 8000 0.0298 0.0599 0.024 1.22204 1 0.05 0 25 -40 
0.0974931 -5.20342 0 -4.95607 0.467976 0.415906 0.821198 -0.1 -0.446224 -1.7975 4.01148 -1.79442 2.32701 -1.40969 -1.81004 -3.40084 2.1089e-05 0.121991 0.0799944 
120.126 8000 0.0298 0.0599 0.024 1.22204 1 0.05 0 25 -40 
0.0974943 -5.20342 0 -4.95609 0.46798 0.415905 0.821199 -0.1 -0.446237 -1.79752 4.01148 -1.79444 2.32701 -1.40972 -1.81005 -3.40085 1.75964e-05 0.121993 0.0799953 
120.162 8000 0.0298 0.0599 0.024 1.22204 1 0.05 0 25 -40 
0.0974952 -5.20342 0 -4.95611 0.467983 0.415904 0.821199 -0.1 -0.446247 -1.79753 4.01149 -1.79445 2.32701 -1.40975 -1.81006 -3.40086 1.46744e-05 0.121994 0.0799961 
120.196 8000 0.0298 0.0599 0.024 1.22204 1 0.05 0 25 -40 
0.097496 -5.20341 0 -4.95613 0.467986 0.415903 0.821199 -0.1 -0.446256 -1.79754 4.01149 -1.79446 2.32701 -1.40978 -1.81007 -3.40086 1.22312e-05 0.121995 0.0799967 
120.228 8000 0.0298 0.0599 0.024 1.22204 1 0.05 0 25 -40 
0.0974967 -5.20341 0 -4.95614 0.467989 0.415903 0.821199 -0.1 -0.446263 -1.79755 4.01149 -1.79446 2.327 -1.4098 -1.81007 -3.40087 1.01895e-05 0.121996 0.0799973 
120.259 8000 0.0298 0.0599 0.024 1.22204 1 0.05 0 25 -40 
0.0974972 -5.20341 0 -4.95615 0.46799 0.415902 0.821199 -0.1 -0.44627 -1.79756 4.01149 -1.79447 2.327 -1.40981 -1.81008 -3.40087 8.48446e-06 0.121997 0.0799977 
120.288 8000 0.0298 0.0599 0.024 1.22204 1 0.05 0 25 -40 
0.0974977 -5.20341 0 -4.95616 0.467992 0.415902 0.821199 -0.1 -0.446275 -1.79757 4.01149 -1.79447 2.327 -1.40983 -1.81008 -3.40088 7.06126e-06 0.121997 0.0799981 
120.315 8000 0.0298 0.0599 0.024 1.22204 1 0.05 0 25 -40 
0.0974981 -5.20341 0 -4.95616 0.467993 0.415902 0.8212 -0.1 -0.446279 -1.79757 4.01149 -1.79448 2.327 -1.40984 -1.81008 -3.40088 5.87397e-06 0.121998 0.0799984 
120.34 8000 0.0298 0.0599 0.024 1.22204 1 0.05 0 25 -40 
0.0974984 -5.20341 0 -4.95617 0.467994 0.415901 0.8212 -0.1 -0.446282 -1.79758 4.0115 -1.79448 2.327 -1.40985 -1.81009 -3.40089 4.88403e-06 0.121998 0.0799987 
120.363 8000 0.0298 0.0599 0.024 1.22204 1 0.05 0 25 -40 
0.0974987 -5.2034 0 -4.95618 0.467995 0.415901 0.8212 -0.1 -0.446285 -1.79758 4.0115 -1.79449 2.327 -1.40986 -1.81009 -3.40089 4.05906e-06 0.121998 0.0799989 
120.381 8000 0.0298 0.0599 0.024 1.22204 1 0.05 0 25 -40 
0.0974989 -5.2034 0 -4.95618 0.467996 0.415901 0.8212 -0.1 -0.446288 -1.79758 4.0115 -1.79449 2.327 -1.40987 -1.81009 -3.40089 3.37193e-06 0.121999 0.0799991 
120.395 8000 0.0298 0.0599 0.024 1.22204 1 0.05 0 25 -40 
0.0974991 -5.2034 0 -4.95618 0.467997 0.415901 0.8212 -0.1 -0.44629 -1.79759 4.0115 -1.79449 2.327 -1.40987 -1.81009 -3.40089 2.79988e-06 0.121999 0.0799993 
120.404 8000 0.0298 0.0599 0.024 1.22204 1 0.05 0 25 -40 
0.0974992 -5.2034 0 -4.95619 0.467997 0.415901 0.8212 -0.1 -0.446292 -1.79759 4.0115 -1.79449 2.327 -1.40988 -1.81009 -3.40089 2.32389e-06 0.121999 0.0799994 
120.405 8000 0.0298 0.0599 0.024 1.22204 1 0.05 0 25 -40 
0.0974994 -5.2034 0 -4.95619 0.467998 0.415901 0.8212 -0.1 -0.446293 -1.79759 4.0115 -1.79449 2.327 -1.40988 -1.81009 -3.40089 1.928e-06 0.121999 0.0799995 
120.397 8000 0.0298 0.0599 0.024 1.22204 1 0.05 0 25 -40 
0.0974995 -5.2034 0 -4.95619 0.467998 0.4159 0.8212 -0.1 -0.446294 -1.79759 4.0115 -1.79449 2.327 -1.40988 -1.8101 -3.4009 1.59889e-06 0.121999 0.0799996 
120.379 8000 0.0298 0.0599 0.024 1.22204 1 0.05 0 25 -40 
0.0974996 -5.2034 0 -4.95619 0.467999 0.4159 0.8212 -0.1 -0.446295 -1.79759 4.0115 -1.7945 2.327 -1.40989 -1.8101 -3.4009 1.32542e-06 0.121999 0.0799996 
120.35 8000 0.0298 0.0599 0.024 1.22204 1 0.05 0 25 -40 
0.0974996 -5.2034 0 -4.95619 0.467999 0.4159 0.8212 -0.1 -0.446296 -1.79759 4.0115 -1.7945 2.327 -1.40989 -1.8101 -3.4009 1.09829e-06 0.122 0.0799997 
120.308 8000 0.0298 0.0599 0.024 1.22204 1 0.05 0 25 -40 
0.0974997 -5.2034 0 -4.95619 0.467999 0.4159 0.8212 -0.1 -0.446297 -1.7976 4.0115 -1.7945 2.327 -1.40989 -1.8101 -3.4009 9.09729e-07 0.122 0.0799998 
120.251 8000 0.0298 0.0599 0.024 1.22204 1 0.05 0 25 -40 
0.0974998 -5.2034 0 -4.9562 0.467999 0.4159 0.8212 -0.1 -0.446297 -1.7976 4.0115 -1.7945 2.327 -1.40989 -1.8101 -3.4009 7.53252e-07 0.122 0.0799998 
120.179 8000 0.0298 0.0599 0.024 1.22204 1 0.05 0 25 -40 
0.0974998 -5.2034 0 -4.9562 0.467999 0.4159 0.8212 -0.1 -0.446298 -1.7976 4.0115 -1.7945 2.327 -1.40989 -1.8101 -3.4009 6.23456e-07 0.122 0.0799998 
120.09 8000 0.0298 0.0599 0.024 1.22204 1 0.05 0 25 -40 
0.0974998 -5.2034 0 -4.9562 0.467999 0.4159 0.8212 -0.1 -0.446298 -1.7976 4.0115 -1.7945 2.327 -1.40989 -1.8101 -3.4009 5.15836e-07 0.122 0.0799999 
119.982 8000 0.0298 0.0599 0.024 1.22204 1 0.05 0 25 -40 
0.0974999 -5.2034 0 -4.9562 0.468 0.4159 0.8212 -0.1 -0.446298 -1.7976 4.0115 -1.7945 2.327 -1.4099 -1.8101 -3.4009 4.26639e-07 0.122 0.0799999 
119.856 8000 0.0298 0.0599 0.024 1.22204 1 0.05 0 25 -40 
0.0974999 -5.2034 0 -4.9562 0.468 0.4159 0.8212 -0.1 -0.446299 -1.7976 4.0115 -1.7945 2.327 -1.4099 -1.8101 -3.4009 3.52741e-07 0.122 0.0799999 
119.71 8000 0.0298 0.0599 0.024 1.22204 1 0.05 0 25 -40 
0.0974999 -5.2034 0 -4.9562 0.468 0.4159 0.8212 -0.1 -0.446299 -1.7976 4.0115 -1.7945 2.327 -1.4099 -1.8101 -3.4009 2.91541e-07 0.122 0.0799999 
119.543 8000 0.0298 0.0599 0.024 1.22204 1 0.05 0 25 -40 
0.0974999 -5.2034 0 -4.9562 0.468 0.4159 0.8212 -0.1 -0.446299 -1.7976 4.0115 -1.7945 2.327 -1.4099 -1.8101 -3.4009 2.40877e-07 0.122 0.0799999 
119.355 8000 0.0298 0.0599 0.024 1.22204 1 0.05 0 25 -40 
0.0974999 -5.2034 0 -4.9562 0.468 0.4159 0.8212 -0.1 -0.446299 -1.7976 4.0115 -1.7945 2.327 -1.4099 -1.8101 -3.4009 1.98951e-07 0.122 0.0799999 
119.146 8000 0.0298 0.0599 0.024 1.22204 1 0.05 0 25 -40 
0.0974999 -5.2034 0 -4.9562 0.468 0.4159 0.8212 -0.1 -0.446299 -1.7976 4.0115 -1.7945 2.327 -1.4099 -1.8101 -3.4009 1.64268e-07 0.122 0.08 
118.916 8000 0.0298 0.0599 0.024 1.22204 1 0.05 0 25 -40 
0.0975 -5.2034 0 -4.9562 0.468 0.4159 0.8212 -0.1 -0.4463 -1.7976 4.0115 -1.7945 2.327 -1.4099 -1.8101 -3.4009 1.35588e-07 0.122 0.08 
118.664 8000 0.0298 0.0599 0.024 1.22204 1 0.05 0 25 -40 
0.0975 -5.2034 0 -4.9562 0.468 0.4159 0.8212 -0.1 -0.4463 -1.7976 4.0115 -1.7945 2.327 -1.4099 -1.8101 -3.4009 1.11879e-07 0.122 0.08 
118.391 8000 0.0298 0.0599 0.024 1.22204 1 0.05 0 25 -40 
0.0975 -5.2034 0 -4.9562 0.468 0.4159 0.8212 -0.1 -0.4463 -1.7976 4.0115 -1.7945 2.327 -1.4099 -1.8101 -3.4009 9.22875e-08 0.122 0.08 
118.097 8000 0.0298 0.0599 0.024 1.22204 1 0.05 0 25 -40 
0.0975 -5.2034 0 -4.9562 0.468 0.4159 0.8212 -0.1 -0.4463 -1.7976 4.0115 -1.7945 2.327 -1.4099 -1.8101 -3.4009 7.61032e-08 0.122 0.08 
117.783 8000 0.0298 0.0599 0.024 1.22204 1 0.05 0 25 -40 
0.0975 -5.2034 0 -4.9562 0.468 0.4159 0.8212 -0.1 -0.4463 -1.7976 4.0115 -1.7945 2.327 -1.4099 -1.8101 -3.4009 6.27382e-08 0.122 0.08 
117.449 8000 0.0298 0.0599 0.024 1.22204 1 0.05 0 25 -40 
0.0975 -5.2034 0 -4.9562 0.468 0.4159 0.8212 -0.1 -0.4463 -1.7976 4.0115 -1.7945 2.327 -1.4099 -1.8101 -3.4009 5.1705e-08 0.122 0.08 
117.095 8000 0.0298 0.0599 0.024 1.22204 1 0.05 0 25 -40 
0.0975 -5.2034 0 -4.9562 0.468 0.4159 0.8212 -0.1 -0.4463 -1.7976 4.0115 -1.7945 2.327 -1.4099 -1.8101 -3.4009 4.25997e-08 0.122 0.08 
116.724 8000 0.0298 0.0599 0.024 1.22204 1 0.05 0 25 -40 
0.0975 -5.2034 0 -4.9562 0.468 0.4159 0.8212 -0.1 -0.4463 -1.7976 4.0115 -1.7945 2.327 -1.4099 -1.8101 -3.4009 3.50878e-08 0.122 0.08 
116.335 8000 0.0298 0.0599 0.024 1.22204 1 0.05 0 25 -40 
0.0975 -5.2034 0 -4.9562 0.468 0.4159 0.8212 -0.1 -0.4463 -1.7976 4.0115 -1.7945 2.327 -1.4099 -1.8101 -3.4009 2.88924e-08 0.122 0.08 
115.93 8000 0.0298 0.0599 0.024 1.22204 1 0.05 0 25 -40 
0.0975 -5.2034 0 -4.9562 0.468 0.4159 0.8212 -0.1 -0.4463 -1.7976 4.0115 -1.7945 2.327 -1.4099 -1.8101 -3.4009 2.37843e-08 0.122 0.08 
115.51 8000 0.0298 0.0599 0.024 1.22204 1 0.05 0 25 -40 
0.0975 -5.2034 0 -4.9562 0.468 0.4159 0.8212 -0.1 -0.4463 -1.7976 4.0115 -1.7945 2.327 -1.4099 -1.8101 -3.4009 1.95739e-08 0.122 0.08 
115.076 8000 0.0298 0.0599 0.024 1.22204 1 0.05 0 25 -40 
0.0975 -5.2034 0 -4.9562 0.468 0.4159 0.8212 -0.1 -0.4463 -1.7976 4.0115 -1.7945 2.327 -1.4099 -1.8101 -3.4009 1.61046e-08 0.122 0.08 
114.629 8000 0.0298 0.0599 0.024 1.22204 1 0.05 0 25 -40 
0.0975 -5.2034 0 -4.9562 0.468 0.4159 0.8212 -0.1 -0.4463 -1.7976 4.0115 -1.7945 2.327 -1.4099 -1.8101 -3.4009 1.32467e-08 0.122 0.08 
114.17 8000 0.0298 0.0599 0.024 1.22204 1 0.05 0 25 -40 
0.0975 -5.2034 0 -4.9562 0.468 0.4159 0.8212 -0.1 -0.4463 -1.7976 4.0115 -1.7945 2.327 -1.4099 -1.8101 -3.4009 1.08931e-08 0.122 0.08 
113.701 8000 0.0298 0.0599 0.024 1.22204 1 0.05 0 25 -40 
0.0975 -5.2034 0 -4.9562 0.468 0.4159 0.8212 -0.1 -0.4463 -1.7976 4.0115 -1.7945 2.327 -1.4099 -1.8101 -3.4009 8.9554e-09 0.122 0.08 
113.222 8000 0.0298 0.0599 0.024 1.22204 1 0.05 0 25 -40 
0.0975 -5.2034 0 -4.9562 0.468 0.4159 0.8212 -0.1 -0.4463 -1.7976 4.0115 -1.7945 2.327 -1.4099 -1.8101 -3.4009 7.36053e-09 0.122 0.08 
112.736 8000 0.0298 0.0599 0.024 1.22204 1 0.05 0 25 -40 
0.0975 -5.2034 0 -4.9562 0.468 0.4159 0.8212 -0.1 -0.4463 -1.7976 4.0115 -1.7945 2.327 -1.4099 -1.8101 -3.4009 6.04819e-09 0.122 0.08 
112.243 8000 0.0298 0.0599 0.024 1.22204 1 0.05 0 25 -40 
0.0975 -5.2034 0 -4.9562 0.468 0.4159 0.8212 -0.1 -0.4463 -1.7976 4.0115 -1.7945 2.327 -1.4099 -1.8101 -3.4009 4.96862e-09 0.122 0.08 
111.744 8000 0.0298 0.0599 0.024 1.22204 1 0.05 0 25 -40 
0.0975 -5.2034 0 -4.9562 0.468 0.4159 0.8212 -0.1 -0.4463 -1.7976 4.0115 -1.7945 2.327 -1.4099 -1.8101 -3.4009 4.08077e-09 0.122 0.08 
111.241 8000 0.0298 0.0599 0.024 1.22204 1 0.05 0 25 -40 
0.0975 -5.2034 0 -4.9562 0.468 0.4159 0.8212 -0.1 -0.4463 -1.7976 4.0115 -1.7945 2.327 -1.4099 -1.8101 -3.4009 3.35078e-09 0.122 0.08 
110.735 8000 0.0298 0.0599 0.024 1.22204 1 0.05 0 25 -40 
0.0975 -5.2034 0 -4.9562 0.468 0.4159 0.8212 -0.1 -0.4463 -1.7976 4.0115 -1.7945 2.327 -1.4099 -1.8101 -3.4009 2.75073e-09 0.122 0.08 
110.227 8000 0.0298 0.0599 0.024 1.22204 1 0.05 0 25 -40 
0.0975 -5.2034 0 -4.9562 0.468 0.4159 0.8212 -0.1 -0.4463 -1.7976 4.0115 -1.7945 2.327 -1.4099 -1.8101 -3.4009 2.25762e-09 0.122 0.08 
109.717 8000 0.0298 0.0599 0.024 1.22204 1 0.05 0 25 -40 
0.0975 -5.2034 0 -4.9562 0.468 0.4159 0.8212 -0.1 -0.4463 -1.7976 4.0115 -1.7945 2.327 -1.4099 -1.8101 -3.4009 1.85249e-09 0.122 0.08 
109.208 8000 0.0298 0.0599 0.024 1.22204 1 0.05 0 25 -40 
0.0975 -5.2034 0 -4.9562 0.468 0.4159 0.8212 -0.1 -0.4463 -1.7976 4.0115 -1.7945 2.327 -1.4099 -1.8101 -3.4009 1.51972e-09 0.122 0.08 
108.7 8000 0.0298 0.0599 0.024 1.22204 1 0.05 0 25 -40 
0.0975 -5.2034 0 -4.9562 0.468 0.4159 0.8212 -0.1 -0.4463 -1.7976 4.0115 -1.7945 2.327 -1.4099 -1.8101 -3.4009 1.24645e-09 0.122 0.08 
108.193 8000 0.0298 0.0599 0.024 1.22204 1 0.05 0 25 -40 
0.0975 -5.2034 0 -4.9562 0.468 0.4159 0.8212 -0.1 -0.4463 -1.7976 4.0115 -1.7945 2.327 -1.4099 -1.8101 -3.4009 1.0221e-09 0.122 0.08 
107.689 8000 0.0298 0.0599 0.024 1.22204 1 0.05 0 25 -40 
0.0975 -5.2034 0 -4.9562 0.468 0.4159 0.8212 -0.1 -0.4463 -1.7976 4.0115 -1.7945 2.327 -1.4099 -1.8101 -3.4009 8.37955e-10 0.122 0.08 
107.189 8000 0.0298 0.0599 0.024 1.22204 1 0.05 0 25 -40 
0.0975 -5.2034 0 -4.9562 0.468 0.4159 0.8212 -0.1 -0.4463 -1.7976 4.0115 -1.7945 2.327 -1.4099 -1.8101 -3.4009 6.8684e-10 0.122 0.08 
106.693 8000 0.0298 0.0599 0.024 1.22204 1 0.05 0 25 -40 
0.0975 -5.2034 0 -4.9562 0.468 0.4159 0.8212 -0.1 -0.4463 -1.7976 4.0115 -1.7945 2.327 -1.4099 -1.8101 -3.4009 5.6286e-10 0.122 0.08 
106.202 8000 0.0298 0.0599 0.024 1.22204 1 0.05 0 25 -40 
0.0975 -5.2034 0 -4.9562 0.468 0.4159 0.8212 -0.1 -0.4463 -1.7976 4.0115 -1.7945 2.327 -1.4099 -1.8101 -3.4009 4.61166e-10 0.122 0.08 
105.717 8000 0.0298 0.0599 0.024 1.22204 1 0.05 0 25 -40 
0.0975 -5.2034 0 -4.9562 0.468 0.4159 0.8212 -0.1 -0.4463 -1.7976 4.0115 -1.7945 2.327 -1.4099 -1.8101 -3.4009 3.77768e-10 0.122 0.08 
105.238 8000 0.0298 0.0599 0.024 1.22204 1 0.05 0 25 -40 
0.0975 -5.2034 0 -4.9562 0.468 0.4159 0.8212 -0.1 -0.4463 -1.7976 4.0115 -1.7945 2.327 -1.4099 -1.8101 -3.4009 3.09391e-10 0.122 0.08 
104.766 8000 0.0298 0.0599 0.024 1.22204 1 0.05 0 25 -40 
0.0975 -5.2034 0 -4.9562 0.468 0.4159 0.8212 -0.1 -0.4463 -1.7976 4.0115 -1.7945 2.327 -1.4099 -1.8101 -3.4009 2.53341e-10 0.122 0.08 
104.302 8000 0.0298 0.0599 0.024 1.22204 1 0.05 0 25 -40 
0.0975 -5.2034 0 -4.9562 0.468 0.4159 0.8212 -0.1 -0.4463 -1.7976 4.0115 -1.7945 2.327 -1.4099 -1.8101 -3.4009 2.07405e-10 0.122 0.08 
103.845 8000 0.0298 0.0599 0.024 1.22204 1 0.05 0 25 -40 
0.0975 -5.2034 0 -4.9562 0.468 0.4159 0.8212 -0.1 -0.4463 -1.7976 4.0115 -1.7945 2.327 -1.4099 -1.8101 -3.4009 1.69766e-10 0.122 0.08 
103.396 8000 0.0298 0.0599 0.024 1.22204 1 0.05 0 25 -40 
0.0975 -5.2034 0 -4.9562 0.468 0.4159 0.8212 -0.1 -0.4463 -1.7976 4.0115 -1.7945 2.327 -1.4099 -1.8101 -3.4009 1.38931e-10 0.122 0.08 
102.956 8000 0.0298 0.0599 0.024 1.22204 1 0.05 0 25 -40 
0.0975 -5.2034 0 -4.9562 0.468 0.4159 0.8212 -0.1 -0.4463 -1.7976 4.0115 -1.7945 2.327 -1.4099 -1.8101 -3.4009 1.13676e-10 0.122 0.08 
102.525 8000 0.0298 0.0599 0.024 1.22204 1 0.05 0 25 -40 
0.0975 -5.2034 0 -4.9562 0.468 0.4159 0.8212 -0.1 -0.4463 -1.7976 4.0115 -1.7945 2.327 -1.4099 -1.8101 -3.4009 9.29949e-11 0.122 0.08 
102.103 8000 0.0298 0.0599 0.024 1.22204 1 0.05 0 25 -40 
0.0975 -5.2034 0 -4.9562 0.468 0.4159 0.8212 -0.1 -0.4463 -1.7976 4.0115 -1.7945 2.327 -1.4099 -1.8101 -3.4009 7.60624e-11 0.122 0.08 
101.69 8000 0.0298 0.0599 0.024 1.22204 1 0.05 0 25 -40 
0.0975 -5.2034 0 -4.9562 0.468 0.4159 0.8212 -0.1 -0.4463 -1.7976 4.0115 -1.7945 2.327 -1.4099 -1.8101 -3.4009 6.2202e-11 0.122 0.08 
101.286 8000 0.0298 0.0599 0.024 1.22204 1 0.05 0 25 -40 
0.0975 -5.2034 0 -4.9562 0.468 0.4159 0.8212 -0.1 -0.4463 -1.7976 4.0115 -1.7945 2.327 -1.4099 -1.8101 -3.4009 5.08583e-11 0.122 0.08 
100.893 8000 0.0298 0.0599 0.024 1.22204 1 0.05 0 25 -40 
0.0975 -5.2034 0 -4.9562 0.468 0.4159 0.8212 -0.1 -0.4463 -1.7976 4.0115 -1.7945 2.327 -1.4099 -1.8101 -3.4009 4.15761e-11 0.122 0.08 
100.509 8000 0.0298 0.0599 0.024 1.22204 1 0.05 0 25 -40 
0.0975 -5.2034 0 -4.9562 0.468 0.4159 0.8212 -0.1 -0.4463 -1.7976 4.0115 -1.7945 2.327 -1.4099 -1.8101 -3.4009 3.39823e-11 0.122 0.08 
100.134 8000 0.0298 0.0599 0.024 1.22204 1 0.05 0 25 -40 
0.0975 -5.2034 0 -4.9562 0.468 0.4159 0.8212 -0.1 -0.4463 -1.7976 4.0115 -1.7945 2.327 -1.4099 -1.8101 -3.4009 2.77707e-11 0.122 0.08 
99.7702 8000 0.0298 0.0599 0.024 1.22204 1 0.05 0 25 -40 
0.0975 -5.2034 0 -4.9562 0.468 0.4159 0.8212 -0.1 -0.4463 -1.7976 4.0115 -1.7945 2.327 -1.4099 -1.8101 -3.4009 2.26908e-11 0.122 0.08 
99.4159 8000 0.0298 0.0599 0.024 1.22204 1 0.05 0 25 -40 
0.0975 -5.2034 0 -4.9562 0.468 0.4159 0.8212 -0.1 -0.4463 -1.7976 4.0115 -1.7945 2.327 -1.4099 -1.8101 -3.4009 1.8537e-11 0.122 0.08 
99.0715 8000 0.0298 0.0599 0.024 1.22204 1 0.05 0 25 -40 
0.0975 -5.2034 0 -4.9562 0.468 0.4159 0.8212 -0.1 -0.4463 -1.7976 4.0115 -1.7945 2.327 -1.4099 -1.8101 -3.4009 1.51412e-11 0.122 0.08 
98.737 8000 0.0298 0.0599 0.024 1.22204 1 0.05 0 25 -40 
0.0975 -5.2034 0 -4.9562 0.468 0.4159 0.8212 -0.1 -0.4463 -1.7976 4.0115 -1.7945 2.327 -1.4099 -1.8101 -3.4009 1.23655e-11 0.122 0.08 
98.4123 8000 0.0298 0.0599 0.024 1.22204 1 0.05 0 25 -40 
0.0975 -5.2034 0 -4.9562 0.468 0.4159 0.8212 -0.1 -0.4463 -1.7976 4.0115 -1.7945 2.327 -1.4099 -1.8101 -3.4009 1.0097e-11 0.122 0.08 
98.0974 8000 0.0298 0.0599 0.024 1.22204 1 0.05 0 25 -40 
0.0975 -5.2034 0 -4.9562 0.468 0.4159 0.8212 -0.1 -0.4463 -1.7976 4.0115 -1.7945 2.327 -1.4099 -1.8101 -3.4009 8.24339e-12 0.122 0.08 
97.7922 8000 0.0298 0.0599 0.024 1.22204 1 0.05 0 25 -40 
0.0975 -5.2034 0 -4.9562 0.468 0.4159 0.8212 -0.1 -0.4463 -1.7976 4.0115 -1.7945 2.327 -1.4099 -1.8101 -3.4009 6.72903e-12 0.122 0.08 
97.4965 8000 0.0298 0.0599 0.024 1.22204 1 0.05 0 25 -40 
0.0975 -5.2034 0 -4.9562 0.468 0.4159 0.8212 -0.1 -0.4463 -1.7976 4.0115 -1.7945 2.327 -1.4099 -1.8101 -3.4009 5.49202e-12 0.122 0.08 
97.2104 8000 0.0298 0.0599 0.024 1.22204 1 0.05 0 25 -40 
0.0975 -5.2034 0 -4.9562 0.468 0.4159 0.8212 -0.1 -0.4463 -1.7976 4.0115 -1.7945 2.327 -1.4099 -1.8101 -3.4009 4.48174e-12 0.122 0.08 
96.9335 8000 0.0298 0.0599 0.024 1.22204 1 0.05 0 25 -40 
0.0975 -5.2034 0 -4.9562 0.468 0.4159 0.8212 -0.1 -0.4463 -1.7976 4.0115 -1.7945 2.327 -1.4099 -1.8101 -3.4009 3.65676e-12 0.122 0.08 
96.6659 8000 0.0298 0.0599 0.024 1.22204 1 0.05 0 25 -40 
0.0975 -5.2034 0 -4.9562 0.468 0.4159 0.8212 -0.1 -0.4463 -1.7976 4.0115 -1.7945 2.327 -1.4099 -1.8101 -3.4009 2.9832e-12 0.122 0.08 
96.4073 8000 0.0298 0.0599 0.024 1.22204 1 0.05 0 25 -40 
0.0975 -5.2034 0 -4.9562 0.468 0.4159 0.8212 -0.1 -0.4463 -1.7976 4.0115 -1.7945 2.327 -1.4099 -1.8101 -3.4009 2.43335e-12 0.122 0.08 
96.1575 8000 0.0298 0.0599 0.024 1.22204 1 0.05 0 25 -40 
0.0975 -5.2034 0 -4.9562 0.468 0.4159 0.8212 -0.1 -0.4463 -1.7976 4.0115 -1.7945 2.327 -1.4099 -1.8101 -3.4009 1.98457e-12 0.122 0.08 
95.9165 7999.26 0.0298 0.0599 0.024 1.22204 1 0.05 0 25 -40 
0.0975 -5.2034 0 -4.9562 0.468 0.4159 0.8212 -0.1 -0.4463 -1.7976 4.0115 -1.7945 2.327 -1.4099 -1.8101 -3.4009 1.61832e-12 0.122 0.08 
95.684 7983.75 0.0298 0.0599 0.024 1.22204 1 0.05 0 25 -40 
0.0975 -5.2034 0 -4.9562 0.468 0.4159 0.8212 -0.1 -0.4463 -1.7976 4.0115 -1.7945 2.327 -1.4099 -1.8101 -3.4009 1.31948e-12 0.122 0.08 
95.4598 7907.4 0.0298 0.0599 0.024 1.22204 1 0.05 0 25 -40 
0.0975 -5.2034 0 -4.9562 0.468 0.4159 0.8212 -0.1 -0.4463 -1.7976 4.0115 -1.7945 2.327 -1.4099 -1.8101 -3.4009 1.07567e-12 0.122 0.08 
95.2438 7707.36 0.0298 0.0599 0.024 1.22204 1 0.05 0 25 -40 
0.0975 -5.2034 0 -4.9562 0.468 0.4159 0.8212 -0.1 -0.4463 -1.7976 4.0115 -1.7945 2.327 -1.4099 -1.8101 -3.4009 8.76792e-13 0.122 0.08 
95.0358 7342.38 0.0298 0.0599 0.024 1.22204 1 0.05 0 25 -40 
0.0975 -5.2034 0 -4.9562 0.468 0.4159 0.8212 -0.1 -0.4463 -1.7976 4.0115 -1.7945 2.327 -1.4099 -1.8101 -3.4009 7.14588e-13 0.122 0.08 
94.8355 6811.31 0.0298 0.0599 0.024 1.22204 1 0.05 0 25 -40 
0.0975 -5.2034 0 -4.9562 0.468 0.4159 0.8212 -0.1 -0.4463 -1.7976 4.0115 -1.7945 2.327 -1.4099 -1.8101 -3.4009 5.82312e-13 0.122 0.08 
94.6428 6147.35 0.0298 0.0599 0.024 1.22204 1 0.05 0 25 -40 
0.0975 -5.2034 0 -4.9562 0.468 0.4159 0.8212 -0.1 -0.4463 -1.7976 4.0115 -1.7945 2.327 -1.4099 -1.8101 -3.4009 4.7446e-13 0.122 0.08 
94.4575 5402.23 0.0298 0.0599 0.024 1.22204 1 0.05 0 25 -40 
0.0975 -5.2034 0 -4.9562 0.468 0.4159 0.8212 -0.1 -0.4463 -1.7976 4.0115 -1.7945 2.327 -1.4099 -1.8101 -3.4009 3.86532e-13 0.122 0.08 
94.2793 4630.6 0.0298 0.0599 0.024 1.22204 1 0.05 0 25 -40 
0.0975 -5.2034 0 -4.9562 0.468 0.4159 0.8212 -0.1 -0.4463 -1.7976 4.0115 -1.7945 2.327 -1.4099 -1.8101 -3.4009 3.14858e-13 0.122 0.08 
94.1081 3879.59 0.0298 0.0599 0.024 1.22204 1 0.05 0 25 -40 
0.0975 -5.2034 0 -4.9562 0.468 0.4159 0.8212 -0.1 -0.4463 -1.7976 4.0115 -1.7945 2.327 -1.4099 -1.8101 -3.4009 2.56442e-13 0.122 0.08 
93.9436 3183.77 0.0298 0.0599 0.024 1.22204 1 0.05 0 25 -40 
0.0975 -5.2034 0 -4.9562 0.468 0.4159 0.8212 -0.1 -0.4463 -1.7976 4.0115 -1.7945 2.327 -1.4099 -1.8101 -3.4009 2.08838e-13 0.122 0.08 
93.7858 2564.38 0.0298 0.0599 0.024 1.22204 1 0.05 0 25 -40 
0.0975 -5.2034 0 -4.9562 0.468 0.4159 0.8212 -0.1 -0.4463 -1.7976 4.0115 -1.7945 2.327 -1.4099 -1.8101 -3.4009 1.70049e-13 0.122 0.08 
93.6342 2031.02 0.0298 0.0599 0.024 1.22204 1 0.05 0 25 -40 
0.0975 -5.2034 0 -4.9562 0.468 0.4159 0.8212 -0.1 -0.4463 -1.7976 4.0115 -1.7945 2.327 -1.4099 -1.8101 -3.4009 1.38447e-13 0.122 0.08 
93.4889 1584.36 0.0298 0.0599 0.024 1.22204 1 0.05 0 25 -40 
0.0975 -5.2034 0 -4.9562 0.468 0.4159 0.8212 -0.1 -0.4463 -1.7976 4.0115 -1.7945 2.327 -1.4099 -1.8101 -3.4009 1.12705e-13 0.122 0.08 
93.3495 1219.1 0.0298 0.0599 0.024 1.22204 1 0.05 0 25 -40 
0.0975 -5.2034 0 -4.9562 0.468 0.4159 0.8212 -0.1 -0.4463 -1.7976 4.0115 -1.7945 2.327 -1.4099 -1.8101 -3.4009 9.17378e-14 0.122 0.08 
93.2159 926.483 0.0298 0.0599 0.024 1.22204 1 0.05 0 25 -40 
0.0975 -5.2034 0 -4.9562 0.468 0.4159 0.8212 -0.1 -0.4463 -1.7976 4.0115 -1.7945 2.327 -1.4099 -1.8101 -3.4009 7.46623e-14 0.122 0.08 
93.0879 696.215 0.0298 0.0599 0.024 1.22204 1 0.05 0 25 -40 
0.0975 -5.2034 0 -4.9562 0.468 0.4159 0.8212 -0.1 -0.4463 -1.7976 4.0115 -1.7945 2.327 -1.4099 -1.8101 -3.4009 6.0758e-14 0.122 0.08 
92.9653 517.838 0.0298 0.0599 0.024 1.22204 1 0.05 0 25 -40 
0.0975 -5.2034 0 -4.9562 0.468 0.4159 0.8212 -0.1 -0.4463 -1.7976 4.0115 -1.7945 2.327 -1.4099 -1.8101 -3.4009 4.94372e-14 0.122 0.08 
92.8479 381.572 0.0298 0.0599 0.024 1.22204 1 0.05 0 25 -40 
0.0975 -5.2034 0 -4.9562 0.468 0.4159 0.8212 -0.1 -0.4463 -1.7976 4.0115 -1.7945 2.327 -1.4099 -1.8101 -3.4009 4.02212e-14 0.122 0.08 
92.7356 278.761 0.0298 0.0599 0.024 1.22204 1 0.05 0 25 -40 
0.0975 -5.2034 0 -4.9562 0.468 0.4159 0.8212 -0.1 -0.4463 -1.7976 4.0115 -1.7945 2.327 -1.4099 -1.8101 -3.4009 3.27194e-14 0.122 0.08 
92.6281 202.051 0.0298 0.0599 0.024 1.22204 1 0.05 0 25 -40 
0.0975 -5.2034 0 -4.9562 0.468 0.4159 0.8212 -0.1 -0.4463 -1.7976 4.0115 -1.7945 2.327 -1.4099 -1.8101 -3.4009 2.66138e-14 0.122 0.08 
92.5253 145.39 0.0298 0.0599 0.024 1.22204 1 0.05 0 25 -40 
0.0975 -5.2034 0 -4.9562 0.468 0.4159 0.8212 -0.1 -0.4463 -1.7976 4.0115 -1.7945 2.327 -1.4099 -1.8101 -3.4009 2.16451e-14 0.122 0.08 
92.427 103.919 0.0298 0.0599 0.024 1.22204 1 0.05 0 25 -40 
0.0975 -5.2034 0 -4.9562 0.468 0.4159 0.8212 -0.1 -0.4463 -1.7976 4.0115 -1.7945 2.327 -1.4099 -1.8101 -3.4009 1.7602e-14 0.122 0.08 
92.333 73.8159 0.0298 0.0599 0.024 1.22204 1 0.05 0 25 -40 
0.0975 -5.2034 0 -4.9562 0.468 0.4159 0.8212 -0.1 -0.4463 -1.7976 4.0115 -1.7945 2.327 -1.4099 -1.8101 -3.4009 1.43126e-14 0.122 0.08 
92.2433 52.1313 0.0298 0.0599 0.024 1.22204 1 0.05 0 25 -40 
0.0975 -5.2034 0 -4.9562 0.468 0.4159 0.8212 -0.1 -0.4463 -1.7976 4.0115 -1.7945 2.327 -1.4099 -1.8101 -3.4009 1.16367e-14 0.122 0.08 
92.1575 36.6194 0.0298 0.0599 0.024 1.22204 1 0.05 0 25 -40 
0.0975 -5.2034 0 -4.9562 0.468 0.4159 0.8212 -0.1 -0.4463 -1.7976 4.0115 -1.7945 2.327 -1.4099 -1.8101 -3.4009 9.46e-15 0.122 0.08 
92.0756 25.5945 0.0298 0.0599 0.024 1.22204 1 0.05 0 25 -40 
0.0975 -5.2034 0 -4.9562 0.468 0.4159 0.8212 -0.1 -0.4463 -1.7976 4.0115 -1.7945 2.327 -1.4099 -1.8101 -3.4009 7.68966e-15 0.122 0.08 
91.9975 17.8051 0.0298 0.0599 0.024 1.22204 1 0.05 0 25 -40 
0.0975 -5.2034 0 -4.9562 0.468 0.4159 0.8212 -0.1 -0.4463 -1.7976 4.0115 -1.7945 2.327 -1.4099 -1.8101 -3.4009 6.24996e-15 0.122 0.08 
91.9229 12.332 0.0298 0.0599 0.024 1.22204 1 0.05 0 25 -40 
0.0975 -5.2034 0 -4.9562 0.468 0.4159 0.8212 -0.1 -0.4463 -1.7976 4.0115 -1.7945 2.327 -1.4099 -1.8101 -3.4009 5.07927e-15 0.122 0.08 
91.8518 8.50611 0.0298 0.0599 0.024 1.22204 1 0.05 0 25 -40 
0.0975 -5.2034 0 -4.9562 0.468 0.4159 0.8212 -0.1 -0.4463 -1.7976 4.0115 -1.7945 2.327 -1.4099 -1.8101 -3.4009 4.12745e-15 0.122 0.08 
91.7839 5.84447 0.0298 0.0599 0.024 1.22204 1 0.05 0 25 -40 
0.0975 -5.2034 0 -4.9562 0.468 0.4159 0.8212 -0.1 -0.4463 -1.7976 4.0115 -1.7945 2.327 -1.4099 -1.8101 -3.4009 3.35364e-15 0.122 0.08 
91.7192 4.00103 0.0298 0.0599 0.024 1.22204 1 0.05 0 25 -40 
0.0975 -5.2034 0 -4.9562 0.468 0.4159 0.8212 -0.1 -0.4463 -1.7976 4.0115 -1.7945 2.327 -1.4099 -1.8101 -3.4009 2.72463e-15 0.122 0.08 
91.6576 2.72962 0.0298 0.0599 0.024 1.22204 1 0.05 0 25 -40 
0.0975 -5.2034 0 -4.9562 0.468 0.4159 0.8212 -0.1 -0.4463 -1.7976 4.0115 -1.7945 2.327 -1.4099 -1.8101 -3.4009 2.21338e-15 0.122 0.08 
91.5988 1.85617 0.0298 0.0599 0.024 1.22204 1 0.05 0 25 -40 
0.0975 -5.2034 0 -4.9562 0.468 0.4159 0.8212 -0.1 -0.4463 -1.7976 4.0115 -1.7945 2.327 -1.4099 -1.8101 -3.4009 1.79788e-15 0.122 0.08 
91.5429 1.25833 0.0298 0.0599 0.024 1.22204 1 0.05 0 25 -40 
0.0975 -5.2034 0 -4.9562 0.468 0.4159 0.8212 -0.1 -0.4463 -1.7976 4.0115 -1.7945 2.327 -1.4099 -1.8101 -3.4009 1.46023e-15 0.122 0.08 
91.4896 0.850559 0.0298 0.0599 0.024 1.22204 1 0.05 0 25 -40 
0.0975 -5.2034 0 -4.9562 0.468 0.4159 0.8212 -0.1 -0.4463 -1.7976 4.0115 -1.7945 2.327 -1.4099 -1.8101 -3.4009 1.18588e-15 0.122 0.08 
91.4388 0.573336 0.0298 0.0599 0.024 1.22204 1 0.05 0 25 -40 
0.0975 -5.2034 0 -4.9562 0.468 0.4159 0.8212 -0.1 -0.4463 -1.7976 4.0115 -1.7945 2.327 -1.4099 -1.8101 -3.4009 9.62982e-16 0.122 0.08 
91.3905 0.385451 0.0298 0.0599 0.024 1.22204 1 0.05 0 25 -40 
0.0975 -5.2034 0 -4.9562 0.468 0.4159 0.8212 -0.1 -0.4463 -1.7976 4.0115 -1.7945 2.327 -1.4099 -1.8101 -3.4009 7.81905e-16 0.122 0.08 
91.3446 0.258489 0.0298 0.0599 0.024 1.22204 1 0.05 0 25 -40 
0.0975 -5.2034 0 -4.9562 0.468 0.4159 0.8212 -0.1 -0.4463 -1.7976 4.0115 -1.7945 2.327 -1.4099 -1.8101 -3.4009 6.34818e-16 0.122 0.08 
91.3009 0.172933 0.0298 0.0599 0.024 1.22204 1 0.05 0 25 -40 
0.0975 -5.2034 0 -4.9562 0.468 0.4159 0.8212 -0.1 -0.4463 -1.7976 4.0115 -1.7945 2.327 -1.4099 -1.8101 -3.4009 5.15351e-16 0.122 0.08 
91.2593 0.115431 0.0298 0.0599 0.024 1.22204 1 0.05 0 25 -40 
0.0975 -5.2034 0 -4.9562 0.468 0.4159 0.8212 -0.1 -0.4463 -1.7976 4.0115 -1.7945 2.327 -1.4099 -1.8101 -3.4009 4.18328e-16 0.122 0.08 
